YHfUM376;Pardubice;Plzeň;05.11.2017 15:00;0;4;3.00;4.25;2.08;3.05;4.20;2.05;YHfUM376;-2.5;+2.5;7.91;1.08;7.91;1.08;4.44;1.21;4.44;1.21;1.43;2.86;1.43;2.86;1.18;4.87;1.18;4.87;
4x3DQo8s;Kometa Brno;Sparta Praha;03.11.2017 18:00;3;2;1.70;4.55;4.20;1.70;4.50;4.15;4x3DQo8s;-3.5;+1.5;7.30;1.10;7.30;1.10;3.42;1.32;3.42;1.32;2.16;1.70;2.16;1.70;1.11;6.70;1.11;6.70;
dWDwXmVD;Liberec;Třinec;03.11.2017 18:00;5;3;2.47;4.20;2.47;2.48;4.20;2.43;dWDwXmVD;-2.5;+2.5;6.76;1.11;6.76;1.11;3.65;1.29;3.65;1.29;1.29;3.65;1.29;3.65;1.11;6.75;1.11;6.75;
tOVj9pw7;Olomouc;Mountfield HK;03.11.2017 18:00;1;0;3.12;4.10;2.05;3.10;4.12;2.05;tOVj9pw7;-1.5;+2.5;5.08;1.17;5.08;1.17;1.41;2.91;1.41;2.91;1.16;5.31;1.16;5.31;
n1WnAQN0;Jihlava;Pardubice;03.11.2017 17:30;2;3;2.25;4.20;2.70;2.25;4.20;2.70;n1WnAQN0;-2.5;+2.5;5.64;1.15;5.64;1.15;3.18;1.36;3.18;1.36;1.25;4.02;1.25;4.02;1.10;7.27;1.10;7.27;
UqCoVRaQ;Vítkovice;Chomutov;03.11.2017 17:30;4;2;1.90;4.30;3.40;1.90;4.20;3.45;UqCoVRaQ;-2.5;+1.5;4.34;1.22;4.34;1.22;2.56;1.51;2.56;1.51;1.15;5.46;1.15;5.46;
KEUf84hD;Litvínov;Zlín;03.11.2017 17:20;1;3;1.98;4.15;3.26;1.98;4.15;3.25;KEUf84hD;-2.5;+1.5;4.75;1.19;4.75;1.19;2.74;1.46;2.74;1.46;1.17;5.08;1.17;5.08;
Gbw5IlGK;Zlín;Jihlava;31.10.2017 17:30;1;2;1.80;4.30;3.80;1.78;4.35;3.85;Gbw5IlGK;-2.5;+1.5;4.06;1.24;4.06;1.24;2.40;1.57;2.40;1.57;1.12;6.29;1.12;6.29;
fkx9H8VQ;Chomutov;Kometa Brno;29.10.2017 17:50;3;2;2.86;4.20;2.15;2.78;4.20;2.20;fkx9H8VQ;-2.5;+2.5;8.00;1.08;8.00;1.08;4.38;1.22;4.38;1.22;1.39;3.02;1.39;3.02;1.16;5.37;1.16;5.37;
CrvzDSwr;Mladá Boleslav;Liberec;29.10.2017 17:30;3;1;2.02;4.30;3.10;1.98;4.30;3.15;CrvzDSwr;-2.5;+1.5;4.97;1.18;4.97;1.18;2.81;1.44;2.81;1.44;1.18;4.92;1.18;4.92;
jZxvCngl;Olomouc;Litvínov;29.10.2017 17:00;1;3;1.92;4.05;3.51;1.90;4.30;3.40;jZxvCngl;-2.5;+1.5;4.35;1.22;4.35;1.22;2.58;1.51;2.58;1.51;1.15;5.63;1.15;5.63;
KWqdKAo8;Pardubice;Vítkovice;29.10.2017 15:00;3;4;2.35;4.20;2.57;2.35;4.20;2.57;KWqdKAo8;-2.5;+2.5;5.76;1.14;5.76;1.14;3.30;1.34;3.30;1.34;1.28;3.70;1.28;3.70;1.12;6.53;1.12;6.53;
YZm0JU0E;Třinec;Mountfield HK;29.10.2017 15:00;0;3;1.92;4.20;3.45;1.95;4.30;3.25;YZm0JU0E;-2.5;+1.5;4.46;1.21;4.46;1.21;2.58;1.51;2.58;1.51;1.14;5.68;1.14;5.68;
xl4ca99r;Kometa Brno;Zlín;27.10.2017 18:00;2;3;1.42;5.70;6.00;1.42;5.70;5.80;xl4ca99r;-3.5;-1.5;5.03;1.17;5.03;1.17;2.48;1.54;2.48;1.54;1.67;2.20;1.67;2.20;
A125cmve;Jihlava;Chomutov;27.10.2017 17:30;4;3;2.28;4.10;2.70;2.25;4.15;2.72;A125cmve;-2.5;+2.5;6.15;1.13;6.15;1.13;3.33;1.33;3.33;1.33;1.23;4.17;1.23;4.17;1.09;7.78;1.09;7.78;
WA31bTOl;Litvínov;Sparta Praha;27.10.2017 17:30;4;3;2.46;4.20;2.46;2.44;4.25;2.45;WA31bTOl;-2.5;+2.5;6.46;1.12;6.46;1.12;3.57;1.30;3.57;1.30;1.30;3.57;1.30;3.57;1.12;6.46;1.12;6.46;
KWNQ4VoL;Plzeň;Mountfield HK;27.10.2017 17:30;1;0;2.20;4.20;2.80;2.22;4.25;2.73;KWNQ4VoL;-2.5;+2.5;5.53;1.15;5.53;1.15;3.10;1.37;3.10;1.37;1.23;4.21;1.23;4.21;1.09;7.66;1.09;7.66;
SxcAd7g1;Vítkovice;Třinec;27.10.2017 17:30;1;2;2.55;4.10;2.40;2.55;4.10;2.40;SxcAd7g1;-2.5;+2.5;6.58;1.11;6.58;1.11;3.69;1.28;3.69;1.28;1.32;3.42;1.32;3.42;1.13;6.04;1.13;6.04;
2eDV3k1R;Pardubice;Mladá Boleslav;27.10.2017 17:20;3;0;2.45;4.10;2.50;2.40;4.15;2.53;2eDV3k1R;-2.5;+2.5;6.59;1.11;6.59;1.11;3.60;1.29;3.60;1.29;1.28;3.70;1.28;3.70;1.11;6.77;1.11;6.77;
6TeEeR87;Liberec;Olomouc;26.10.2017 18:00;3;2;1.56;5.00;4.75;1.55;5.00;4.80;6TeEeR87;-3.5;+1.5;6.69;1.11;6.69;1.11;3.09;1.37;3.09;1.37;1.95;1.85;1.95;1.85;1.08;8.12;1.08;8.12;
YcSrB68f;Sparta Praha;Plzeň;24.10.2017 18:20;0;2;2.15;4.20;2.90;2.12;4.25;2.92;YcSrB68f;-2.5;+2.5;4.97;1.18;4.97;1.18;2.91;1.41;2.91;1.41;1.22;4.27;1.22;4.27;1.09;7.58;1.09;7.58;
WpYrIZMU;Třinec;Vítkovice;24.10.2017 17:00;3;4;1.65;4.70;4.35;1.65;4.65;4.30;WpYrIZMU;-3.5;+1.5;6.82;1.11;6.82;1.11;3.21;1.35;3.21;1.35;2.05;1.77;2.05;1.77;1.10;7.12;1.10;7.12;
YFLE7X12;Mladá Boleslav;Kometa Brno;22.10.2017 17:30;0;2;2.50;4.25;2.40;2.46;4.10;2.45;YFLE7X12;-2.5;+2.5;6.69;1.11;6.69;1.11;3.68;1.28;3.68;1.28;1.31;3.49;1.31;3.49;1.12;6.32;1.12;6.32;
C6KI6iH8;Mountfield HK;Litvínov;22.10.2017 17:00;4;5;1.40;5.50;6.40;1.40;5.55;6.30;C6KI6iH8;-3.5;-1.5;5.44;1.15;5.44;1.15;2.58;1.50;2.58;1.50;1.70;2.16;1.70;2.16;
GviUaLrd;Olomouc;Plzeň;22.10.2017 17:00;5;0;3.35;4.30;1.92;3.30;4.30;1.93;GviUaLrd;-1.5;+2.5;5.21;1.16;5.21;1.16;1.52;2.55;1.52;2.55;1.23;4.22;1.23;4.22;
MHiQ01Tk;Chomutov;Pardubice;22.10.2017 15:30;3;2;1.87;4.30;3.50;1.94;4.30;3.30;MHiQ01Tk;-2.5;+1.5;4.22;1.23;4.22;1.23;2.50;1.53;2.50;1.53;1.15;5.64;1.15;5.64;
UseYbub2;Třinec;Jihlava;22.10.2017 15:20;3;0;1.38;5.90;6.30;1.39;5.90;6.10;UseYbub2;-4.5;-1.5;7.94;1.08;7.94;1.08;4.92;1.18;4.92;1.18;2.42;1.57;2.42;1.57;1.63;2.28;1.63;2.28;
ttPM5BWE;Zlín;Liberec;22.10.2017 15:00;3;2;2.40;4.15;2.53;2.38;4.10;2.57;ttPM5BWE;-2.5;+2.5;6.51;1.12;6.51;1.12;3.54;1.30;3.54;1.30;1.27;3.79;1.27;3.79;1.10;7.01;1.10;7.01;
dAMvOXUo;Kometa Brno;Mountfield HK;20.10.2017 18:00;1;2;1.85;4.40;3.51;1.80;4.50;3.65;dAMvOXUo;-2.5;+1.5;4.22;1.23;4.22;1.23;2.52;1.50;2.52;1.50;1.14;5.71;1.14;5.71;
IPAmMBab;Pardubice;Zlín;20.10.2017 18:00;4;3;2.11;4.10;3.01;2.11;4.30;2.89;IPAmMBab;-2.5;+2.5;5.15;1.17;5.15;1.17;2.92;1.41;2.92;1.41;1.20;4.67;1.20;4.67;1.08;7.99;1.08;7.99;
8fTdalho;Chomutov;Mladá Boleslav;20.10.2017 17:30;2;3;2.45;4.15;2.50;2.45;4.15;2.48;8fTdalho;-2.5;+2.5;6.66;1.11;6.66;1.11;3.62;1.29;3.62;1.29;1.28;3.72;1.28;3.72;1.11;6.85;1.11;6.85;
z1LrNiph;Litvínov;Liberec;20.10.2017 17:20;2;3;2.25;4.10;2.75;2.18;4.15;2.83;z1LrNiph;-2.5;+2.5;5.84;1.14;5.84;1.14;3.23;1.35;3.23;1.35;1.23;4.19;1.23;4.19;1.09;7.72;1.09;7.72;
4tDaJ9qH;Třinec;Plzeň;20.10.2017 17:00;3;2;1.90;4.35;3.40;1.91;4.38;3.30;4tDaJ9qH;-2.5;+2.5;4.08;1.24;4.08;1.24;2.49;1.54;2.49;1.54;1.16;5.26;1.16;5.26;1.08;8.20;1.08;8.20;
WSEiLVE4;Jihlava;Sparta Praha;19.10.2017 17:30;4;2;3.45;4.40;1.88;3.35;4.40;1.90;WSEiLVE4;-1.5;+2.5;5.63;1.15;5.63;1.15;1.51;2.55;1.51;2.55;1.21;4.41;1.21;4.41;
QyZM5jFH;Mountfield HK;Liberec;17.10.2017 18:00;3;1;1.66;4.50;4.45;1.65;4.70;4.30;QyZM5jFH;-3.5;+1.5;7.87;1.08;7.87;1.08;3.56;1.30;3.56;1.30;2.15;1.70;2.15;1.70;1.10;7.32;1.10;7.32;
6osV3UqU;Litvínov;Plzeň;17.10.2017 17:30;2;1;3.65;4.60;1.79;3.60;4.60;1.79;6osV3UqU;-1.5;+3.5;5.84;1.14;5.84;1.14;1.61;2.33;1.61;2.33;1.27;3.81;1.27;3.81;1.08;7.98;1.08;7.98;
zmtA8hVb;Mladá Boleslav;Jihlava;17.10.2017 17:30;3;1;1.56;4.80;5.00;1.58;4.80;4.75;zmtA8hVb;-3.5;-1.5;6.71;1.11;6.71;1.11;3.10;1.37;3.10;1.37;1.95;1.85;1.95;1.85;
WEZI6WaB;Zlín;Vítkovice;17.10.2017 17:30;3;7;2.15;4.10;2.91;2.15;4.10;2.91;WEZI6WaB;-2.5;+2.5;5.37;1.16;5.37;1.16;3.02;1.39;3.02;1.39;1.21;4.48;1.21;4.48;1.08;8.19;1.08;8.19;
OMiQ4AUN;Olomouc;Chomutov;17.10.2017 17:20;5;2;2.40;4.05;2.57;2.40;4.10;2.55;OMiQ4AUN;-2.5;+2.5;6.66;1.11;6.66;1.11;3.58;1.30;3.58;1.30;1.26;3.92;1.26;3.92;1.10;7.33;1.10;7.33;
hOzF7Cp5;Třinec;Kometa Brno;17.10.2017 17:00;4;1;2.13;4.25;2.92;2.15;4.30;2.82;hOzF7Cp5;-2.5;+2.5;4.94;1.18;4.94;1.18;2.89;1.42;2.89;1.42;1.22;4.33;1.22;4.33;1.09;7.70;1.09;7.70;
xhEqhXpI;Litvínov;Kometa Brno;15.10.2017 17:30;4;3;4.65;5.20;1.55;4.65;5.20;1.55;xhEqhXpI;-1.5;+3.5;7.69;1.09;7.69;1.09;1.86;1.94;1.86;1.94;1.38;3.04;1.38;3.04;1.12;6.50;1.12;6.50;
O8CijBFU;Mladá Boleslav;Třinec;15.10.2017 17:30;2;3;2.40;4.20;2.52;2.40;4.30;2.48;O8CijBFU;-2.5;+2.5;6.24;1.12;6.24;1.12;3.47;1.31;3.47;1.31;1.28;3.69;1.28;3.69;1.11;6.69;1.11;6.69;
b1FugDVB;Mountfield HK;Pardubice;15.10.2017 17:20;6;0;1.53;5.00;5.30;1.52;5.00;5.10;b1FugDVB;-3.5;+1.5;6.27;1.12;6.27;1.12;2.95;1.40;2.95;1.40;1.90;1.90;1.90;1.90;1.08;8.02;1.08;8.02;
GxQzfgG5;Olomouc;Jihlava;15.10.2017 17:00;3;0;2.10;4.10;3.01;2.10;4.10;3.00;GxQzfgG5;-2.5;+1.5;5.45;1.15;5.45;1.15;2.99;1.39;2.99;1.39;1.19;4.81;1.19;4.81;
pIDmii0O;Zlín;Plzeň;15.10.2017 17:00;4;5;3.40;4.30;1.90;3.20;4.40;1.95;pIDmii0O;-1.5;+2.5;8.09;1.08;8.09;1.08;5.34;1.16;5.34;1.16;1.53;2.52;1.53;2.52;1.23;4.18;1.23;4.18;
2Zs2AE0n;Liberec;Vítkovice;15.10.2017 16:00;2;1;1.90;4.40;3.34;1.95;4.40;3.20;2Zs2AE0n;-2.5;+1.5;4.34;1.22;4.34;1.22;2.56;1.51;2.56;1.51;1.16;5.33;1.16;5.33;
lWwbBfot;Sparta Praha;Chomutov;15.10.2017 15:00;3;2;1.70;4.50;4.13;1.70;4.50;4.15;lWwbBfot;-3.5;+1.5;7.60;1.09;7.60;1.09;3.52;1.30;3.52;1.30;2.19;1.68;2.19;1.68;1.11;6.74;1.11;6.74;
Aysh2H8P;Sparta Praha;Mladá Boleslav;13.10.2017 18:30;3;2;1.85;4.40;3.51;1.86;4.40;3.50;Aysh2H8P;-2.5;+1.5;4.08;1.24;4.08;1.24;2.45;1.55;2.45;1.55;1.15;5.61;1.15;5.61;
ULNOdeWn;Kometa Brno;Olomouc;13.10.2017 18:00;5;0;1.38;5.80;6.43;1.37;5.70;6.80;ULNOdeWn;-4.5;-1.5;7.61;1.09;7.61;1.09;4.72;1.19;4.72;1.19;2.37;1.58;2.37;1.58;1.63;2.28;1.63;2.28;
dYhAwYVO;Pardubice;Třinec;13.10.2017 18:00;2;1;3.37;4.35;1.90;3.50;4.40;1.85;dYhAwYVO;-1.5;+3.5;5.22;1.16;5.22;1.16;1.53;2.50;1.53;2.50;1.24;4.09;1.24;4.09;1.08;8.21;1.08;8.21;
CpTJcyHt;Jihlava;Mountfield HK;13.10.2017 17:30;0;2;3.04;4.15;2.07;2.91;4.30;2.10;CpTJcyHt;-1.5;+2.5;8.18;1.08;8.18;1.08;4.80;1.19;4.80;1.19;1.41;2.90;1.41;2.90;1.17;5.16;1.17;5.16;
2ZLWfZ0a;Plzeň;Liberec;13.10.2017 17:30;5;1;1.65;4.70;4.35;1.67;4.70;4.15;2ZLWfZ0a;-3.5;+1.5;6.86;1.11;6.86;1.11;3.24;1.35;3.24;1.35;2.07;1.76;2.07;1.76;1.10;6.96;1.10;6.96;
8CMSeFog;Vítkovice;Litvínov;13.10.2017 17:30;7;3;1.63;4.80;4.33;1.63;4.70;4.40;8CMSeFog;-3.5;+1.5;7.25;1.10;7.25;1.10;3.34;1.33;3.34;1.33;2.08;1.75;2.08;1.75;1.10;7.17;1.10;7.17;
pbk6vEGI;Chomutov;Zlín;13.10.2017 17:20;1;4;1.80;4.35;3.74;1.81;4.35;3.70;pbk6vEGI;-2.5;+1.5;4.06;1.24;4.06;1.24;2.41;1.57;2.41;1.57;1.13;6.18;1.13;6.18;
0AkDdhyB;Sparta Praha;Litvínov;10.10.2017 18:30;3;1;1.50;5.30;5.10;1.47;5.60;5.20;0AkDdhyB;-3.5;-1.5;6.20;1.13;6.20;1.13;2.90;1.42;2.90;1.42;1.86;1.94;1.86;1.94;
QkEeKkUA;Vítkovice;Olomouc;10.10.2017 17:30;3;4;1.70;4.40;4.22;1.67;4.40;4.40;QkEeKkUA;-3.5;+1.5;7.39;1.09;7.39;1.09;3.45;1.31;3.45;1.31;2.17;1.69;2.17;1.69;1.11;6.83;1.11;6.83;
GIckrdHg;Litvínov;Pardubice;08.10.2017 17:30;0;1;1.90;4.35;3.37;1.90;4.35;3.35;GIckrdHg;-2.5;+1.5;4.26;1.23;4.26;1.23;2.54;1.52;2.54;1.52;1.16;5.34;1.16;5.34;
Kj4tpIns;Plzeň;Kometa Brno;08.10.2017 17:20;4;5;2.10;4.30;2.95;2.10;4.30;2.91;Kj4tpIns;-2.5;+2.5;4.75;1.19;4.75;1.19;2.82;1.43;2.82;1.43;1.22;4.36;1.22;4.36;1.09;7.69;1.09;7.69;
2Za1uf1C;Mountfield HK;Vítkovice;08.10.2017 17:00;2;0;1.73;4.60;3.90;1.75;4.40;3.95;2Za1uf1C;-3.5;+1.5;8.17;1.08;8.17;1.08;3.80;1.27;3.80;1.27;2.28;1.63;2.28;1.63;1.12;6.47;1.12;6.47;
Or1ctzn6;Olomouc;Mladá Boleslav;08.10.2017 17:00;1;3;2.35;4.15;2.60;2.30;4.20;2.63;Or1ctzn6;-2.5;+2.5;6.25;1.12;6.25;1.12;3.42;1.32;3.42;1.32;1.26;3.90;1.26;3.90;1.10;7.19;1.10;7.19;
f9dgsGWa;Zlín;Sparta Praha;08.10.2017 17:00;4;2;2.84;4.25;2.15;2.65;4.25;2.27;f9dgsGWa;-2.5;+2.5;7.96;1.08;7.96;1.08;4.35;1.22;4.35;1.22;1.39;3.03;1.39;3.03;1.16;5.39;1.16;5.39;
2BHElbvQ;Třinec;Chomutov;08.10.2017 15:00;4;3;1.57;4.80;4.82;1.57;4.85;4.75;2BHElbvQ;-3.5;+1.5;6.56;1.12;6.56;1.12;3.08;1.38;3.08;1.38;1.97;1.83;1.97;1.83;1.09;7.76;1.09;7.76;
44aSSGH6;Kometa Brno;Liberec;06.10.2017 18:00;7;2;1.66;4.75;4.24;1.62;4.75;4.45;44aSSGH6;-3.5;+1.5;7.35;1.10;7.35;1.10;3.39;1.32;3.39;1.32;2.11;1.73;2.11;1.73;1.10;6.98;1.10;6.98;
Uo7FVIXm;Pardubice;Olomouc;06.10.2017 18:00;1;2;2.00;4.40;3.07;1.96;4.40;3.15;Uo7FVIXm;-2.5;+2.5;4.57;1.20;4.57;1.20;2.70;1.47;2.70;1.47;1.19;4.70;1.19;4.70;1.08;8.17;1.08;8.17;
xIczRfnJ;Chomutov;Mountfield HK;06.10.2017 17:30;2;3;2.45;4.20;2.45;2.53;4.05;2.40;xIczRfnJ;-2.5;+2.5;6.59;1.11;6.59;1.11;3.61;1.29;3.61;1.29;1.29;3.61;1.29;3.61;1.11;6.59;1.11;6.59;
j1eOTd20;Jihlava;Litvínov;06.10.2017 17:30;4;1;2.15;4.20;2.86;2.20;4.20;2.78;j1eOTd20;-2.5;+2.5;5.48;1.15;5.48;1.15;3.05;1.38;3.05;1.38;1.21;4.42;1.21;4.42;1.08;8.15;1.08;8.15;
OKIAkvPJ;Vítkovice;Plzeň;06.10.2017 17:30;0;2;2.45;4.30;2.45;2.40;4.20;2.51;OKIAkvPJ;-2.5;+2.5;5.99;1.13;5.99;1.13;3.45;1.31;3.45;1.31;1.31;3.45;1.31;3.45;1.13;5.99;1.13;5.99;
8x6JUxmf;Mladá Boleslav;Zlín;06.10.2017 17:20;4;1;1.80;4.40;3.71;1.82;4.50;3.55;8x6JUxmf;-2.5;+1.5;3.97;1.25;3.97;1.25;2.38;1.58;2.38;1.58;1.13;6.05;1.13;6.05;
bRbWRzXC;Třinec;Sparta Praha;06.10.2017 17:00;4;1;1.90;4.35;3.40;1.96;4.40;3.15;bRbWRzXC;-2.5;+2.5;4.10;1.24;4.10;1.24;2.50;1.53;2.50;1.53;1.16;5.27;1.16;5.27;1.08;8.18;1.08;8.18;
dds69YFh;Sparta Praha;Pardubice;03.10.2017 18:30;1;3;1.40;5.70;6.10;1.40;5.70;6.10;dds69YFh;-4.5;-1.5;7.80;1.09;7.80;1.09;4.49;1.21;4.49;1.21;2.33;1.61;2.33;1.61;1.63;2.27;1.63;2.27;
OnurlRmF;Liberec;Pardubice;01.10.2017 17:40;4;1;1.50;5.00;5.38;1.51;5.20;5.00;OnurlRmF;-4.5;-1.5;7.68;1.09;7.68;1.09;5.13;1.17;5.13;1.17;2.59;1.50;2.59;1.50;1.78;2.04;1.78;2.04;
0C2BWbIs;Litvínov;Chomutov;01.10.2017 17:30;2;3;2.53;4.30;2.35;2.20;4.30;2.74;0C2BWbIs;-2.5;+2.5;7.08;1.10;7.08;1.10;3.81;1.27;3.81;1.27;1.31;3.46;1.31;3.46;1.12;6.38;1.12;6.38;
tOkwk7Y8;Plzeň;Jihlava;01.10.2017 17:30;2;1;1.30;6.30;8.00;1.30;6.20;8.20;tOkwk7Y8;-4.5;-1.5;5.67;1.14;5.67;1.14;3.37;1.33;3.37;1.33;1.92;1.88;1.92;1.88;1.45;2.76;1.45;2.76;
KI4rTPBk;Kometa Brno;Vítkovice;01.10.2017 17:00;5;1;1.68;4.50;4.25;1.68;4.60;4.15;KI4rTPBk;-3.5;+1.5;6.65;1.11;6.65;1.11;3.20;1.35;3.20;1.35;2.09;1.74;2.09;1.74;1.11;6.66;1.11;6.66;
xfamSqRe;Mountfield HK;Mladá Boleslav;01.10.2017 17:00;2;1;1.77;4.50;3.77;1.80;4.50;3.65;xfamSqRe;-3.5;+1.5;7.97;1.08;7.97;1.08;3.71;1.28;3.71;1.28;2.29;1.62;2.29;1.62;1.13;6.02;1.13;6.02;
GpbiR3t2;Olomouc;Sparta Praha;01.10.2017 17:00;2;3;3.28;4.40;1.92;3.20;4.35;1.96;GpbiR3t2;
UmnZkmJ2;Zlín;Třinec;01.10.2017 17:00;4;0;3.56;4.50;1.82;3.65;4.50;1.80;UmnZkmJ2;-1.5;+2.5;5.81;1.14;5.81;1.14;1.56;2.44;1.56;2.44;1.24;4.11;1.24;4.11;
AqF8ZRYL;Sparta Praha;Liberec;29.09.2017 18:30;7;1;1.95;4.40;3.20;2.00;4.30;3.00;AqF8ZRYL;-2.5;+1.5;4.47;1.21;4.47;1.21;2.63;1.49;2.63;1.49;1.18;5.01;1.18;5.01;
t4RexUl3;Pardubice;Kometa Brno;29.09.2017 18:00;4;5;3.70;4.60;1.77;3.65;4.45;1.80;t4RexUl3;-1.5;+3.5;5.79;1.14;5.79;1.14;1.64;2.26;1.64;2.26;1.30;3.59;1.30;3.59;1.09;7.60;1.09;7.60;
OnJCYolS;Chomutov;Plzeň;29.09.2017 17:30;1;4;2.66;4.30;2.25;2.66;4.30;2.25;OnJCYolS;-2.5;+2.5;6.61;1.11;6.61;1.11;3.80;1.27;3.80;1.27;1.38;3.07;1.38;3.07;1.16;5.21;1.16;5.21;
lUQayl49;Mladá Boleslav;Litvínov;29.09.2017 17:30;2;0;1.68;4.60;4.17;1.70;4.60;4.05;lUQayl49;-3.5;+1.5;7.36;1.10;7.36;1.10;3.42;1.32;3.42;1.32;2.15;1.71;2.15;1.71;1.11;6.77;1.11;6.77;
SKP3z8JF;Zlín;Mountfield HK;29.09.2017 17:30;2;1;3.07;4.40;2.00;3.25;4.35;1.90;SKP3z8JF;-1.5;+2.5;4.85;1.18;4.85;1.18;1.45;2.77;1.45;2.77;1.18;4.86;1.18;4.86;
tS5vU5dq;Jihlava;Vítkovice;29.09.2017 17:20;4;2;3.07;4.40;2.00;3.05;4.40;2.01;tS5vU5dq;-1.5;+2.5;4.69;1.19;4.69;1.19;1.47;2.69;1.47;2.69;1.20;4.54;1.20;4.54;
2DSiwAZd;Třinec;Olomouc;29.09.2017 17:00;3;4;1.35;5.50;7.70;1.31;5.50;8.40;2DSiwAZd;-4.5;-1.5;6.88;1.11;6.88;1.11;3.96;1.25;3.96;1.25;2.13;1.71;2.13;1.71;1.54;2.47;1.54;2.47;
2amJOAK3;Kometa Brno;Sparta Praha;26.09.2017 17:30;2;1;1.77;4.45;3.80;1.78;4.50;3.70;2amJOAK3;-3.5;+1.5;7.56;1.09;7.56;1.09;3.57;1.30;3.57;1.30;2.26;1.64;2.26;1.64;1.13;5.96;1.13;5.96;
Yc4UL84M;Kometa Brno;Jihlava;24.09.2017 17:00;4;2;1.37;6.30;6.10;1.40;6.00;5.80;Yc4UL84M;-4.5;-1.5;8.14;1.08;8.14;1.08;4.72;1.19;4.72;1.19;2.36;1.59;2.36;1.59;1.62;2.30;1.62;2.30;
f75QMlkG;Mountfield HK;Sparta Praha;24.09.2017 17:00;2;3;2.20;4.30;2.74;2.20;4.30;2.74;f75QMlkG;-2.5;+2.5;5.33;1.16;5.33;1.16;3.05;1.38;3.05;1.38;1.24;4.06;1.24;4.06;1.10;7.26;1.10;7.26;
0p6MNUZ9;Olomouc;Zlín;24.09.2017 17:00;3;4;2.05;4.20;3.07;2.05;4.30;3.00;0p6MNUZ9;-2.5;+1.5;5.21;1.17;5.21;1.17;2.89;1.42;2.89;1.42;1.18;4.92;1.18;4.92;
jZbZKSJS;Plzeň;Pardubice;24.09.2017 16:30;10;2;1.55;5.20;4.65;1.55;5.00;4.80;jZbZKSJS;-3.5;+1.5;6.05;1.13;6.05;1.13;2.90;1.41;2.90;1.41;1.90;1.90;1.90;1.90;1.09;7.49;1.09;7.49;
hro1GnSq;Liberec;Chomutov;24.09.2017 16:00;1;4;1.70;4.60;4.05;1.65;4.60;4.35;hro1GnSq;-3.5;+1.5;8.00;1.08;8.00;1.08;3.74;1.28;3.74;1.28;2.24;1.65;2.24;1.65;1.11;6.81;1.11;6.81;
08l9EQdd;Vítkovice;Mladá Boleslav;24.09.2017 16:00;3;2;1.80;4.50;3.65;1.80;4.50;3.65;08l9EQdd;-3.5;+1.5;8.23;1.08;8.23;1.08;3.82;1.27;3.88;1.26;2.35;1.60;2.36;1.59;1.14;5.81;1.14;5.86;
n5p5F6sj;Třinec;Litvínov;23.09.2017 17:00;5;1;1.48;5.30;5.31;1.48;5.20;5.40;n5p5F6sj;-3.5;-1.5;5.98;1.13;5.98;1.13;2.81;1.44;2.81;1.44;1.82;1.98;1.82;1.98;
8dUe79kT;Olomouc;Mountfield HK;22.09.2017 18:00;1;3;2.81;4.20;2.18;2.79;4.25;2.18;8dUe79kT;-2.5;+2.5;7.82;1.09;7.82;1.09;4.23;1.23;4.23;1.23;1.36;3.15;1.36;3.15;1.14;5.70;1.14;5.70;
fgQi8kzN;Pardubice;Jihlava;22.09.2017 18:00;7;5;1.85;4.35;3.55;1.80;4.45;3.65;fgQi8kzN;-2.5;+1.5;4.09;1.24;4.09;1.24;2.46;1.55;2.46;1.55;1.14;5.69;1.14;5.69;
KzbEPj5c;Chomutov;Vítkovice;22.09.2017 17:30;1;2;1.95;4.40;3.20;1.95;4.40;3.20;KzbEPj5c;-2.5;+1.5;4.36;1.22;4.36;1.22;2.61;1.50;2.61;1.50;1.18;4.94;1.18;4.94;
tpaAQWki;Mladá Boleslav;Plzeň;22.09.2017 17:30;2;3;2.40;4.30;2.50;2.35;4.30;2.53;tpaAQWki;-2.5;+2.5;5.89;1.14;5.89;1.14;3.37;1.33;3.37;1.33;1.30;3.55;1.30;3.55;1.13;6.23;1.13;6.23;
Ew7O2Tcp;Zlín;Litvínov;22.09.2017 17:30;3;2;2.38;4.20;2.55;2.35;4.25;2.55;Ew7O2Tcp;-2.5;+2.5;6.59;1.11;6.59;1.11;3.54;1.30;3.54;1.30;1.26;3.87;1.26;3.87;1.10;7.25;1.10;7.25;
hU5S1mDj;Třinec;Liberec;21.09.2017 17:10;5;2;1.89;4.35;3.50;1.89;4.40;3.40;hU5S1mDj;-2.5;+1.5;4.41;1.21;4.41;1.21;2.57;1.51;2.57;1.51;1.15;5.43;1.15;5.43;
tUAnBij4;Liberec;Mladá Boleslav;19.09.2017 18:00;3;1;1.60;4.85;4.55;1.60;4.80;4.55;tUAnBij4;-3.5;+1.5;6.95;1.10;6.95;1.10;3.22;1.35;3.22;1.35;2.02;1.79;2.02;1.79;1.09;7.53;1.09;7.53;
MuSqAB5A;Litvínov;Olomouc;17.09.2017 17:20;0;3;1.70;4.50;4.15;1.67;4.60;4.25;MuSqAB5A;-3.5;+1.5;7.84;1.09;7.84;1.09;3.60;1.29;3.60;1.29;2.20;1.67;2.20;1.67;1.11;6.84;1.11;6.84;
2wCrCXzb;Kometa Brno;Chomutov;17.09.2017 17:00;2;3;1.62;4.85;4.36;1.62;4.80;4.40;2wCrCXzb;-3.5;+1.5;6.81;1.11;6.81;1.11;3.19;1.35;3.19;1.35;2.04;1.78;2.04;1.78;1.10;7.08;1.10;7.08;
fD8zEg6o;Mountfield HK;Třinec;17.09.2017 17:00;3;1;2.45;4.30;2.45;2.44;4.30;2.44;fD8zEg6o;-2.5;+2.5;6.34;1.12;6.34;1.12;3.53;1.30;3.53;1.30;1.30;3.53;1.30;3.53;1.12;6.33;1.12;6.33;
0WQm9VKG;Plzeň;Sparta Praha;17.09.2017 16:30;4;3;2.12;4.30;2.90;2.20;4.30;2.74;0WQm9VKG;-2.5;+2.5;4.87;1.18;4.87;1.18;2.88;1.42;2.88;1.42;1.23;4.24;1.23;4.24;1.09;7.50;1.09;7.50;
8GCvDDLi;Jihlava;Zlín;17.09.2017 16:00;3;2;2.20;4.20;2.78;2.22;4.20;2.75;8GCvDDLi;-2.5;+2.5;5.63;1.15;5.63;1.15;3.13;1.37;3.13;1.37;1.23;4.25;1.23;4.25;1.09;7.80;1.09;7.80;
h8UikATp;Vítkovice;Pardubice;17.09.2017 16:00;4;2;1.65;4.80;4.20;1.65;4.70;4.30;h8UikATp;-3.5;+1.5;7.23;1.10;7.23;1.10;3.35;1.33;3.35;1.33;2.10;1.73;2.10;1.73;1.11;6.86;1.11;6.86;
GMm1afih;Mountfield HK;Plzeň;15.09.2017 18:00;4;3;2.15;4.45;2.76;2.13;4.45;2.79;GMm1afih;-2.5;+2.5;5.20;1.17;5.20;1.17;2.98;1.40;2.98;1.40;1.24;4.12;1.24;4.12;1.09;7.41;1.09;7.41;
jarQgjLT;Olomouc;Liberec;15.09.2017 18:00;3;0;3.85;4.65;1.73;3.55;4.65;1.80;jarQgjLT;-1.5;+2.5;6.38;1.12;6.38;1.12;1.63;2.28;1.63;2.28;1.27;3.79;1.27;3.79;
rZvIeCjH;Chomutov;Jihlava;15.09.2017 17:30;4;3;1.58;4.80;4.85;1.59;4.75;4.70;rZvIeCjH;-3.5;+1.5;6.21;1.13;6.21;1.13;2.96;1.40;2.96;1.40;1.93;1.87;1.93;1.87;1.09;7.83;1.09;7.83;
fDn5bE6b;Mladá Boleslav;Pardubice;15.09.2017 17:30;4;2;1.75;4.65;3.76;1.76;4.70;3.70;fDn5bE6b;
lzn9cYL4;Zlín;Kometa Brno;15.09.2017 17:30;0;4;3.37;4.65;1.85;3.45;4.60;1.84;lzn9cYL4;-1.5;+2.5;5.37;1.16;5.37;1.16;1.55;2.47;1.55;2.47;1.24;4.13;1.24;4.13;
MPwMfW5N;Třinec;Vítkovice;15.09.2017 17:00;3;2;1.77;4.50;3.85;1.76;4.50;3.80;MPwMfW5N;-3.5;+1.5;7.84;1.09;7.84;1.09;3.65;1.29;3.65;1.29;2.26;1.64;2.26;1.64;1.13;6.18;1.13;6.18;
8IsogJUI;Kometa Brno;Mladá Boleslav;12.09.2017 18:00;2;3;1.53;5.20;4.85;1.55;4.95;5.00;8IsogJUI;-3.5;+1.5;5.79;1.14;5.79;1.14;2.80;1.44;2.80;1.44;1.86;1.94;1.86;1.94;1.09;7.75;1.09;7.75;
bogd0zxn;Liberec;Zlín;12.09.2017 18:00;3;2;1.45;5.30;5.75;1.45;5.20;5.90;bogd0zxn;-3.5;-1.5;5.62;1.15;5.62;1.15;2.68;1.47;2.68;1.47;1.76;2.06;1.76;2.06;
fFwsfaFC;Jihlava;Třinec;12.09.2017 17:30;0;2;3.90;4.45;1.75;3.85;4.40;1.77;fFwsfaFC;-1.5;+3.5;6.23;1.13;6.23;1.13;1.64;2.25;1.64;2.25;1.29;3.61;1.29;3.61;1.09;7.72;1.09;7.72;
Kffh1GMu;Litvínov;Mountfield HK;12.09.2017 17:30;3;0;2.67;4.20;2.27;2.69;4.20;2.26;Kffh1GMu;-2.5;+2.5;7.18;1.10;7.18;1.10;3.95;1.25;3.95;1.25;1.34;3.28;1.34;3.28;1.14;5.89;1.14;5.89;
Cjlxeu06;Plzeň;Olomouc;12.09.2017 17:30;10;0;1.60;4.75;4.61;1.60;4.60;4.75;Cjlxeu06;-3.5;+1.5;6.58;1.11;6.58;1.11;3.10;1.37;3.10;1.37;2.00;1.81;2.00;1.81;1.09;7.49;1.09;7.49;
vPzVd1Vg;Vítkovice;Sparta Praha;12.09.2017 17:30;6;1;2.55;4.25;2.35;2.51;4.20;2.40;vPzVd1Vg;-2.5;+2.5;6.63;1.11;6.63;1.11;3.71;1.28;3.71;1.28;1.33;3.34;1.33;3.34;1.14;5.91;1.14;5.91;
YakYeLp0;Pardubice;Chomutov;12.09.2017 17:20;1;4;2.55;4.20;2.37;2.45;4.20;2.46;YakYeLp0;-2.5;+2.5;6.60;1.11;6.60;1.11;3.66;1.29;3.66;1.29;1.31;3.46;1.31;3.46;1.13;6.20;1.13;6.20;
8zcn5PND;Litvínov;Liberec;10.09.2017 17:30;2;0;3.15;4.20;2.02;3.15;4.20;2.02;8zcn5PND;-1.5;+2.5;4.94;1.18;4.94;1.18;1.45;2.77;1.45;2.77;1.19;4.82;1.19;4.82;
jaS1cD47;Mladá Boleslav;Chomutov;10.09.2017 17:30;1;2;1.93;4.35;3.30;1.93;4.30;3.35;jaS1cD47;-2.5;+1.5;4.38;1.22;4.38;1.22;2.59;1.50;2.59;1.50;1.17;5.19;1.17;5.19;
UkR5dXJD;Mountfield HK;Kometa Brno;10.09.2017 17:00;2;4;2.30;4.20;2.56;2.40;4.30;2.48;UkR5dXJD;-2.5;+2.5;5.88;1.14;5.88;1.14;3.30;1.34;3.30;1.34;1.27;3.80;1.27;3.80;1.11;6.84;1.11;6.84;
I9nMbN0s;Olomouc;Vítkovice;10.09.2017 17:00;2;4;2.51;4.20;2.40;2.57;4.15;2.37;I9nMbN0s;-2.5;+2.5;6.83;1.11;6.83;1.11;3.73;1.28;3.73;1.28;1.30;3.52;1.30;3.52;1.12;6.42;1.12;6.42;
nRej4qwK;Zlín;Pardubice;10.09.2017 17:00;0;2;1.97;4.25;3.23;2.01;4.30;3.10;nRej4qwK;-2.5;+1.5;4.80;1.19;4.80;1.19;2.76;1.45;2.76;1.45;1.18;4.99;1.18;4.99;
tlef33hQ;Sparta Praha;Jihlava;10.09.2017 15:05;4;3;1.35;6.30;6.50;1.35;6.15;6.70;tlef33hQ;-4.5;-1.5;6.50;1.09;6.50;1.09;4.42;1.21;4.42;1.21;2.27;1.64;2.27;1.64;1.58;2.39;1.58;2.39;
0YyRcsGm;Třinec;Plzeň;10.09.2017 15:00;5;2;1.83;4.40;3.60;1.80;4.36;3.75;0YyRcsGm;-3.5;+1.5;8.13;1.08;8.13;1.08;3.79;1.27;3.79;1.27;2.34;1.60;2.34;1.60;1.14;5.88;1.14;5.88;
2wzk0FKl;Liberec;Mountfield HK;08.09.2017 18:00;3;0;1.87;4.30;3.60;1.88;4.40;3.40;2wzk0FKl;-2.5;+1.5;4.17;1.23;4.17;1.23;2.48;1.54;2.48;1.54;1.14;5.75;1.14;5.75;
AueA7cSE;Pardubice;Sparta Praha;08.09.2017 18:00;2;3;3.25;4.35;1.95;3.20;4.40;1.95;AueA7cSE;-1.5;+2.5;5.09;1.17;5.09;1.17;1.49;2.63;1.49;2.63;1.21;4.45;1.21;4.45;
p2PgaZZf;Chomutov;Olomouc;08.09.2017 17:30;4;2;1.83;4.35;3.62;1.84;4.35;3.60;p2PgaZZf;-2.5;+1.5;4.05;1.24;4.05;1.24;2.43;1.56;2.43;1.56;1.14;5.85;1.14;5.85;
h4pF6HsL;Jihlava;Mladá Boleslav;08.09.2017 17:30;4;3;3.03;4.25;2.05;3.10;4.30;2.00;h4pF6HsL;-1.5;+2.5;4.69;1.19;4.69;1.19;1.43;2.82;1.43;2.82;1.18;4.91;1.18;4.91;
dxTcbgk1;Plzeň;Litvínov;08.09.2017 17:30;5;1;1.77;4.35;3.88;1.78;4.40;3.80;dxTcbgk1;-2.5;+1.5;3.81;1.27;3.81;1.27;2.32;1.61;2.32;1.61;1.12;6.32;1.12;6.32;
Onyo1e5r;Vítkovice;Zlín;08.09.2017 17:30;1;2;1.77;4.40;3.85;1.78;4.40;3.80;Onyo1e5r;-3.5;+1.5;8.13;1.08;8.13;1.08;3.76;1.27;3.76;1.27;2.31;1.61;2.31;1.61;1.13;6.22;1.13;6.22;
WfqJ5ycR;Kometa Brno;Třinec;08.09.2017 17:20;5;4;1.80;4.40;3.70;1.80;4.40;3.70;WfqJ5ycR;-3.5;+1.5;8.19;1.08;8.19;1.08;3.81;1.27;3.81;1.27;2.35;1.60;2.35;1.60;1.14;5.90;1.14;5.90;
