hMZ3NtSL;Anaheim Ducks;Los Angeles Kings;13.12.2019 04:00;1;2;2.11;3.90;3.03;2.10;3.95;3.05;hMZ3NtSL;-2.5;+2.5;4.44;1.21;4.44;1.21;2.73;1.46;2.73;1.46;1.22;4.28;1.22;4.28;1.09;7.39;1.09;7.39;
Cr0BteoS;Vancouver Canucks;Carolina Hurricanes;13.12.2019 04:00;1;0;2.61;3.91;2.36;2.73;3.95;2.28;Cr0BteoS;
AcpaOMCF;Arizona Coyotes;Chicago Blackhawks;13.12.2019 03:00;5;2;2.02;3.98;3.20;1.97;3.95;3.35;AcpaOMCF;-2.5;+2.5;3.96;1.25;3.96;1.25;2.53;1.52;2.53;1.52;1.21;4.50;1.21;4.50;1.09;7.60;1.09;7.60;
Yi17syWL;Calgary Flames;Toronto Maple Leafs;13.12.2019 03:00;4;2;2.70;3.91;2.29;2.64;4.00;2.33;Yi17syWL;-2.5;+2.5;5.77;1.14;5.77;1.14;3.56;1.30;3.56;1.30;1.41;2.90;1.41;2.90;1.20;4.54;1.20;4.54;
jTB2rHGF;Minnesota Wild;Edmonton Oilers;13.12.2019 02:00;6;5;2.41;3.88;2.56;2.40;3.95;2.57;jTB2rHGF;-2.5;+2.5;5.15;1.17;5.15;1.17;3.15;1.36;3.15;1.36;1.32;3.41;1.32;3.41;1.15;5.65;1.15;5.65;
dfteP2c9;St. Louis Blues;Vegas Golden Knights;13.12.2019 02:00;4;2;2.49;3.86;2.48;2.40;3.90;2.60;dfteP2c9;-2.5;+2.5;5.52;1.15;5.52;1.15;3.32;1.33;3.32;1.33;1.34;3.29;1.34;3.29;1.15;5.48;1.15;5.48;
vg8bqc19;Detroit Red Wings;Winnipeg Jets;13.12.2019 01:30;5;2;4.00;4.20;1.67;4.25;4.20;1.68;vg8bqc19;-1.5;+3.5;8.07;1.08;8.21;1.08;5.72;1.14;5.72;1.14;1.72;2.12;1.72;2.12;1.37;3.13;1.37;3.13;1.15;5.50;1.15;5.50;
8Ya03Lzj;Buffalo Sabres;Nashville Predators;13.12.2019 01:00;4;3;2.89;3.90;2.17;2.97;4.00;2.12;8Ya03Lzj;-2.5;+2.5;6.46;1.12;6.46;1.12;3.91;1.26;3.91;1.26;1.45;2.74;1.45;2.74;1.22;4.29;1.22;4.29;
OtrmROSd;Florida Panthers;New York Islanders;13.12.2019 01:00;1;3;2.24;3.92;2.77;2.25;3.95;2.77;OtrmROSd;
2XtiQrr3;Pittsburgh Penguins;Columbus Blue Jackets;13.12.2019 01:00;1;0;2.03;4.00;3.15;1.94;4.05;3.40;2XtiQrr3;-2.5;+2.5;8.21;1.08;8.21;1.08;3.91;1.26;3.91;1.26;2.53;1.52;2.53;1.52;1.22;4.36;1.22;4.36;1.10;7.29;1.10;7.29;
nPb42ujd;Tampa Bay Lightning;Boston Bruins;13.12.2019 01:00;3;2;2.17;3.97;2.87;2.20;3.97;2.84;nPb42ujd;-2.5;+2.5;4.21;1.23;4.21;1.23;2.72;1.46;2.72;1.46;1.27;3.84;1.27;3.84;1.12;6.29;1.12;6.29;
Colorado Avalanche;3.62;1.29;3.62;Philadelphia Flyers;-2.5;3;EB0d41Lq;1;EB0d41Lq;12.12.2019 03:30;EB0d41Lq;2.41;1.57;2.41;1.57;1.21;4.40;1.21;4.40;1.10;7.20;1.10;7.20;
pW8fpwn3;Montreal Canadiens;Ottawa Senators;12.12.2019 01:30;3;2;2.02;4.05;3.15;2.00;4.05;3.20;pW8fpwn3;-3.5;+2.5;6.20;1.12;6.20;1.12;3.69;1.28;3.69;1.28;2.46;1.55;2.46;1.55;1.23;4.24;1.23;4.24;1.11;6.90;1.11;6.90;
vJ9U8sDS;Washington Capitals;Boston Bruins;12.12.2019 01:00;3;2;2.27;3.93;2.71;2.25;3.95;2.77;vJ9U8sDS;-2.5;+2.5;4.55;1.20;4.55;1.20;2.89;1.42;2.89;1.42;1.29;3.60;1.29;3.60;1.14;5.89;1.14;5.89;
dfKP9NcM;Los Angeles Kings;New York Rangers;11.12.2019 04:30;3;1;2.26;3.91;2.74;2.30;3.95;2.70;dfKP9NcM;-2.5;+2.5;4.64;1.20;4.64;1.20;2.91;1.41;2.91;1.41;1.28;3.68;1.28;3.68;1.13;6.11;1.13;6.11;
Vancouver Canucks;5.71;1.14;5.71;Toronto Maple Leafs;-2.5;1;6uAjoJWd;4;6uAjoJWd;11.12.2019 04:00;6uAjoJWd;3.57;1.30;3.57;1.30;1.43;2.83;1.43;2.83;1.22;4.34;1.22;4.34;
Vegas Golden Knights;5.80;1.13;5.80;Chicago Blackhawks;-3.5;5;I3LLA3rG;1;I3LLA3rG;11.12.2019 04:00;I3LLA3rG;2.93;1.41;2.93;1.41;2.04;1.78;2.04;1.78;1.15;5.66;1.15;5.66;1.08;8.12;1.08;8.12;
UNQ7MZgd;Arizona Coyotes;Calgary Flames;11.12.2019 03:00;2;5;2.19;3.89;2.88;2.16;3.95;2.88;UNQ7MZgd;-2.5;+2.5;4.59;1.20;4.59;1.20;2.83;1.43;2.83;1.43;1.25;3.99;1.25;3.99;1.11;6.79;1.11;6.79;
jXR3NFvj;Edmonton Oilers;Carolina Hurricanes;11.12.2019 03:00;3;6;2.61;3.89;2.37;2.68;4.00;2.30;jXR3NFvj;-2.5;+2.5;5.65;1.15;5.65;1.15;3.45;1.31;3.45;1.31;1.38;3.05;1.38;3.05;1.18;4.90;1.18;4.90;
lUGHBqT9;Dallas Stars;New Jersey Devils;11.12.2019 02:30;2;0;1.76;4.19;3.97;1.72;4.40;4.00;lUGHBqT9;-3.5;+1.5;5.50;1.14;5.50;1.14;3.18;1.36;3.18;1.36;2.12;1.72;2.12;1.72;1.14;5.77;1.14;5.77;
AwIDCPD3;Minnesota Wild;Anaheim Ducks;11.12.2019 02:00;2;3;2.09;3.92;3.06;2.07;3.90;3.15;AwIDCPD3;-2.5;+2.5;4.30;1.22;4.30;1.22;2.67;1.47;2.67;1.47;1.22;4.30;1.22;4.30;1.10;7.36;1.10;7.36;
SES8D5bc;Nashville Predators;San Jose Sharks;11.12.2019 02:00;3;1;1.92;4.12;3.36;1.92;4.05;3.45;SES8D5bc;-3.5;+2.5;7.65;1.09;7.65;1.09;3.38;1.32;3.38;1.32;2.31;1.61;2.31;1.61;1.20;4.56;1.20;4.56;1.10;7.35;1.10;7.35;
dASaOePq;Winnipeg Jets;Detroit Red Wings;11.12.2019 02:00;5;1;1.67;4.37;4.31;1.65;4.60;4.25;dASaOePq;-3.5;+1.5;4.80;1.18;4.80;1.18;2.77;1.45;2.77;1.45;1.94;1.86;1.94;1.86;1.13;6.09;1.13;6.09;
08zNk26j;Buffalo Sabres;St. Louis Blues;11.12.2019 01:30;5;2;2.78;3.88;2.25;2.88;3.90;2.20;08zNk26j;-2.5;+2.5;6.22;1.13;6.22;1.13;3.74;1.28;3.74;1.28;1.42;2.88;1.42;2.88;1.20;4.60;1.20;4.60;
EBO4Eoqi;Florida Panthers;Tampa Bay Lightning;11.12.2019 01:00;1;2;2.46;3.95;2.47;2.42;3.95;2.52;EBO4Eoqi;-2.5;+2.5;4.88;1.18;4.88;1.18;3.13;1.37;3.13;1.37;1.36;3.14;1.36;3.14;1.18;4.89;1.18;4.89;
KlyYSyHS;Pittsburgh Penguins;Montreal Canadiens;11.12.2019 01:00;1;4;2.08;4.00;3.03;2.05;4.05;3.10;KlyYSyHS;-2.5;+2.5;8.14;1.08;8.14;1.08;3.94;1.25;3.94;1.25;2.58;1.51;2.58;1.51;1.24;4.09;1.24;4.09;1.11;6.72;1.11;6.72;
xQoTTH1M;Colorado Avalanche;Calgary Flames;10.12.2019 03:00;4;5;2.16;3.96;2.89;2.16;3.95;2.92;xQoTTH1M;-2.5;+2.5;4.22;1.23;4.23;1.23;2.71;1.46;2.72;1.46;1.26;3.89;1.26;3.88;1.12;6.40;1.12;6.39;
bZnPUcnG;Ottawa Senators;Boston Bruins;10.12.2019 01:30;5;2;3.59;4.00;1.89;3.65;4.05;1.86;bZnPUcnG;-1.5;+3.5;8.16;1.08;8.16;1.08;5.07;1.17;5.07;1.17;1.62;2.29;1.62;2.29;1.31;3.45;1.31;3.45;1.13;6.00;1.13;6.00;
ImXceOrT;Tampa Bay Lightning;New York Islanders;10.12.2019 01:00;1;5;1.88;4.12;3.50;1.87;4.15;3.55;ImXceOrT;-3.5;+2.5;6.00;1.12;6.00;1.12;3.39;1.32;3.39;1.32;2.28;1.63;2.28;1.63;1.18;4.88;1.18;4.88;1.08;8.01;1.08;8.01;
MHyJjrip;Washington Capitals;Columbus Blue Jackets;10.12.2019 01:00;2;5;1.70;4.31;4.22;1.72;4.28;4.10;MHyJjrip;-3.5;+1.5;5.30;1.15;5.30;1.15;2.89;1.42;2.93;1.41;1.99;1.81;2.01;1.80;1.13;6.03;1.13;5.94;
4bYLVwX9;Edmonton Oilers;Buffalo Sabres;09.12.2019 02:00;2;3;1.91;4.11;3.41;1.88;4.10;3.55;4bYLVwX9;
vcYgd4TM;Chicago Blackhawks;Arizona Coyotes;09.12.2019 01:00;3;4;2.37;3.85;2.62;2.33;3.90;2.68;vcYgd4TM;-2.5;+2.5;5.24;1.16;5.24;1.16;3.14;1.36;3.14;1.36;1.30;3.56;1.30;3.56;1.13;6.03;1.13;6.03;
pzZkcpEG;Vegas Golden Knights;New York Rangers;09.12.2019 01:00;0;5;1.79;4.22;3.78;1.78;4.25;3.85;pzZkcpEG;-3.5;+2.5;5.50;1.15;5.50;1.15;3.08;1.38;3.08;1.38;2.12;1.72;2.12;1.72;1.16;5.26;1.16;5.26;1.08;8.13;1.08;8.13;
WWUobQbA;Florida Panthers;San Jose Sharks;08.12.2019 23:00;5;1;2.10;4.02;2.97;2.10;3.95;3.05;WWUobQbA;-2.5;+2.5;3.89;1.26;3.89;1.26;2.58;1.50;2.58;1.50;1.25;3.94;1.25;3.94;1.12;6.36;1.12;6.36;
Q7ZHWJH3;Winnipeg Jets;Anaheim Ducks;08.12.2019 21:00;3;2;2.01;3.98;3.21;2.03;4.00;3.15;Q7ZHWJH3;-3.5;+2.5;8.11;1.08;8.11;1.08;3.96;1.25;3.96;1.25;2.52;1.52;2.52;1.52;1.21;4.51;1.21;4.51;1.09;7.63;1.09;7.63;
rqpDXa2c;Calgary Flames;Los Angeles Kings;08.12.2019 04:00;4;3;1.78;4.18;3.87;1.78;4.25;3.85;rqpDXa2c;-3.5;+1.5;7.43;1.09;7.43;1.09;3.20;1.35;3.20;1.35;2.14;1.71;2.14;1.71;1.15;5.57;1.15;5.57;
l8usa6q4;Dallas Stars;New York Islanders;08.12.2019 03:00;3;1;2.11;3.86;3.07;2.10;3.90;3.05;l8usa6q4;-2.5;+2.5;4.61;1.20;4.61;1.20;2.76;1.45;2.76;1.45;1.21;4.44;1.21;4.44;1.09;7.82;1.09;7.82;
AHtw0nUc;Nashville Predators;New Jersey Devils;08.12.2019 02:00;6;4;1.63;4.42;4.56;1.63;4.50;4.50;AHtw0nUc;-3.5;+2.5;6.11;1.13;6.11;1.13;2.72;1.46;2.72;1.46;1.90;1.90;1.90;1.90;1.12;6.54;1.12;6.54;1.08;8.13;1.08;8.13;
rg7JbxYN;Boston Bruins;Colorado Avalanche;08.12.2019 01:00;1;4;2.06;3.98;3.09;2.05;4.00;3.10;rg7JbxYN;-2.5;+2.5;4.00;1.25;4.00;1.25;2.57;1.51;2.57;1.51;1.23;4.26;1.23;4.26;1.10;7.12;1.10;7.12;
trxZ0SEi;Carolina Hurricanes;Minnesota Wild;08.12.2019 01:00;6;2;2.03;3.99;3.16;2.00;3.90;3.30;trxZ0SEi;-2.5;+2.5;3.93;1.26;3.93;1.26;2.53;1.52;2.53;1.52;1.22;4.39;1.22;4.39;1.10;7.35;1.10;7.35;
xG6NcdmU;Detroit Red Wings;Pittsburgh Penguins;08.12.2019 01:00;3;5;3.67;4.03;1.86;3.75;4.25;1.80;xG6NcdmU;-2.5;+3.5;7.82;1.09;7.82;1.09;5.16;1.17;5.16;1.17;1.65;2.24;1.65;2.24;1.33;3.33;1.33;3.33;1.09;7.66;1.09;7.66;
2iwV18ao;Florida Panthers;Columbus Blue Jackets;08.12.2019 01:00;4;1;1.95;4.09;3.32;2.00;4.00;3.25;2iwV18ao;-3.5;+2.5;8.00;1.08;8.00;1.08;3.50;1.31;3.50;1.31;2.36;1.59;2.36;1.59;1.21;4.52;1.21;4.52;1.10;7.37;1.10;7.37;
Uut9Yumi;St. Louis Blues;Toronto Maple Leafs;08.12.2019 01:00;2;5;2.31;3.92;2.67;2.33;3.93;2.67;Uut9Yumi;-2.5;+2.5;4.71;1.19;4.71;1.19;2.96;1.40;2.96;1.40;1.30;3.55;1.30;3.55;1.14;5.82;1.14;5.82;
Tampa Bay Lightning;5.20;1.16;5.20;San Jose Sharks;-3.5;7;bJClgGeo;1;bJClgGeo;08.12.2019 01:00;bJClgGeo;3.14;1.37;3.14;1.37;2.15;1.70;2.15;1.70;1.17;5.14;1.17;5.14;1.09;7.69;1.09;7.69;
GxhR9dAj;Vancouver Canucks;Buffalo Sabres;07.12.2019 22:00;6;5;2.06;4.01;3.06;2.02;4.00;3.20;GxhR9dAj;-2.5;+2.5;3.86;1.26;3.86;1.26;2.54;1.52;2.54;1.52;1.24;4.13;1.24;4.13;1.11;6.76;1.11;6.76;
xngNAxep;Philadelphia Flyers;Ottawa Senators;07.12.2019 19:00;4;3;1.77;4.22;3.92;1.75;4.35;3.90;xngNAxep;
428FaIIH;Anaheim Ducks;Washington Capitals;07.12.2019 04:00;2;3;3.15;3.95;2.05;3.35;4.20;1.92;428FaIIH;
dhBfFInT;Edmonton Oilers;Los Angeles Kings;07.12.2019 03:00;2;1;1.99;4.04;3.21;1.93;4.20;3.30;dhBfFInT;
8zF61vl5;New Jersey Devils;Chicago Blackhawks;07.12.2019 01:00;1;2;2.18;3.98;2.84;2.05;4.00;2.83;8zF61vl5;-2.5;+2.5;4.15;1.23;4.15;1.23;2.71;1.46;2.71;1.46;1.27;3.76;1.27;3.76;1.13;6.09;1.13;6.09;
I1CjGbXM;New York Rangers;Montreal Canadiens;07.12.2019 01:00;1;2;2.63;3.93;2.33;2.51;4.05;2.42;I1CjGbXM;-2.5;+2.5;5.50;1.15;5.50;1.15;3.43;1.32;3.43;1.32;1.40;2.94;1.40;2.94;1.20;4.58;1.20;4.58;
Pittsburgh Penguins;8.21;1.08;8.21;Arizona Coyotes;-3.5;2;nRDA0b3B;0;nRDA0b3B;07.12.2019 01:00;nRDA0b3B;3.60;1.29;3.60;1.29;2.33;1.60;2.33;1.60;1.17;5.08;1.17;5.08;1.08;7.96;1.08;7.96;
OvDnHvIG;Calgary Flames;Buffalo Sabres;06.12.2019 03:00;4;3;1.95;4.10;3.03;1.95;4.00;3.40;OvDnHvIG;-2.5;+2.5;3.80;1.27;3.80;1.27;2.46;1.55;2.46;1.55;1.20;4.55;1.20;4.55;1.09;7.62;1.09;7.62;
C49rIK2A;Dallas Stars;Winnipeg Jets;06.12.2019 02:30;3;2;2.04;3.95;3.16;2.03;4.00;3.15;C49rIK2A;
zPBvb5sD;Boston Bruins;Chicago Blackhawks;06.12.2019 01:00;3;4;1.72;4.27;4.13;1.70;4.35;4.15;zPBvb5sD;-3.5;+1.5;5.75;1.14;5.75;1.14;2.98;1.40;2.98;1.40;2.03;1.78;2.03;1.78;1.13;5.93;1.13;5.93;
0ABb30Jh;Carolina Hurricanes;San Jose Sharks;06.12.2019 01:00;3;2;2.01;4.03;3.17;1.98;4.05;3.25;0ABb30Jh;
EDF22KYb;Columbus Blue Jackets;New York Rangers;06.12.2019 01:00;2;3;2.15;3.96;2.92;2.20;4.00;2.83;EDF22KYb;-2.5;+2.5;4.23;1.23;4.23;1.23;2.70;1.47;2.70;1.47;1.25;3.96;1.25;3.96;1.12;6.56;1.12;6.56;
UuKwJ0m4;Montreal Canadiens;Colorado Avalanche;06.12.2019 01:00;2;3;2.54;3.94;2.40;2.56;3.80;2.44;UuKwJ0m4;-2.5;+2.5;5.16;1.17;5.16;1.17;3.27;1.34;3.27;1.34;1.39;3.03;1.39;3.03;1.19;4.71;1.19;4.71;
veNk5Mlt;New York Islanders;Vegas Golden Knights;06.12.2019 01:00;3;2;2.29;3.89;2.71;2.36;3.92;2.64;veNk5Mlt;
IoMg4t4n;Philadelphia Flyers;Arizona Coyotes;06.12.2019 01:00;1;3;2.00;4.10;3.13;2.04;4.12;3.05;IoMg4t4n;
EFArcPdJ;Tampa Bay Lightning;Minnesota Wild;06.12.2019 01:00;4;5;1.75;4.26;3.97;1.77;4.20;3.90;EFArcPdJ;-3.5;+2.5;6.76;1.11;6.76;1.11;2.99;1.40;2.99;1.40;2.06;1.76;2.06;1.76;1.15;5.60;1.15;5.60;1.08;7.98;1.08;7.98;
h0MZboS6;Los Angeles Kings;Washington Capitals;05.12.2019 04:00;1;3;3.01;3.95;2.11;2.98;3.95;2.13;h0MZboS6;
jkLZJtYc;Edmonton Oilers;Ottawa Senators;05.12.2019 03:30;2;5;1.77;4.23;3.89;1.77;4.25;3.90;jkLZJtYc;
vcIVaRC0;Pittsburgh Penguins;St. Louis Blues;05.12.2019 02:00;3;0;2.44;3.89;2.52;2.45;3.90;2.54;vcIVaRC0;
MFGVKMIi;Toronto Maple Leafs;Colorado Avalanche;05.12.2019 01:00;1;3;2.20;4.01;2.78;2.21;4.05;2.79;MFGVKMIi;-2.5;+2.5;8.02;1.08;8.02;1.08;4.03;1.25;4.03;1.25;2.70;1.47;2.70;1.47;1.29;3.59;1.29;3.59;1.15;5.65;1.15;5.65;
pzJR07cf;San Jose Sharks;Washington Capitals;04.12.2019 04:30;2;5;2.55;3.94;2.39;2.62;3.95;2.36;pzJR07cf;-2.5;+2.5;5.22;1.16;5.22;1.16;3.29;1.34;3.29;1.34;1.38;3.04;1.38;3.04;1.19;4.74;1.19;4.74;
rPHRL23o;Vancouver Canucks;Ottawa Senators;04.12.2019 04:00;5;2;1.98;4.05;3.25;1.92;4.10;3.20;rPHRL23o;
SS5uvVXj;Nashville Predators;Tampa Bay Lightning;04.12.2019 02:00;2;3;2.50;3.93;2.43;2.57;3.95;2.40;SS5uvVXj;-2.5;+2.5;5.10;1.17;5.10;1.17;3.22;1.35;3.22;1.35;1.37;3.11;1.37;3.11;1.18;4.89;1.18;4.89;
6qKN1mrl;Winnipeg Jets;Dallas Stars;04.12.2019 02:00;5;1;2.46;3.84;2.52;2.48;3.85;2.53;6qKN1mrl;-2.5;+2.5;5.54;1.15;5.54;1.15;3.29;1.34;3.29;1.34;1.32;3.40;1.32;3.40;1.14;5.73;1.14;5.73;
zVQ0oDuH;Boston Bruins;Carolina Hurricanes;04.12.2019 01:00;2;0;2.05;4.10;3.01;2.10;4.00;3.00;zVQ0oDuH;
lx7yuBIp;Columbus Blue Jackets;Arizona Coyotes;04.12.2019 01:00;2;4;2.42;3.83;2.58;2.40;3.84;2.62;lx7yuBIp;
UiQ4pXfN;Florida Panthers;Minnesota Wild;04.12.2019 01:00;2;4;2.23;3.96;2.77;2.20;3.96;2.85;UiQ4pXfN;-2.5;+2.5;8.04;1.08;8.04;1.08;4.33;1.22;4.33;1.22;2.80;1.44;2.80;1.44;1.29;3.66;1.29;3.66;1.13;5.94;1.13;5.94;
nawi79KQ;Montreal Canadiens;New York Islanders;04.12.2019 01:00;4;2;2.28;3.91;2.71;2.25;3.90;2.80;nawi79KQ;-2.5;+2.5;4.69;1.19;4.69;1.19;2.93;1.41;2.93;1.41;1.29;3.64;1.29;3.64;1.13;6.04;1.13;6.04;
8rP8qiAT;New Jersey Devils;Vegas Golden Knights;04.12.2019 01:00;3;4;2.79;3.92;2.23;2.96;3.95;2.14;8rP8qiAT;-2.5;+2.5;6.00;1.13;6.00;1.13;3.69;1.28;3.69;1.28;1.44;2.80;1.44;2.80;1.22;4.35;1.22;4.35;
l8PI2TSs;Philadelphia Flyers;Toronto Maple Leafs;04.12.2019 01:00;6;1;2.57;3.93;2.38;2.63;4.00;2.34;l8PI2TSs;-2.5;+2.5;5.33;1.16;5.33;1.16;3.34;1.33;3.34;1.33;1.39;3.02;1.39;3.02;1.19;4.73;1.19;4.73;
MRMdngQA;Anaheim Ducks;Los Angeles Kings;03.12.2019 04:00;4;2;2.14;3.92;2.95;2.10;4.10;2.96;MRMdngQA;-2.5;+2.5;4.39;1.22;4.38;1.22;2.74;1.46;2.73;1.46;1.24;4.09;1.24;4.10;1.11;6.94;1.10;6.96;
v3XimZA4;Chicago Blackhawks;St. Louis Blues;03.12.2019 02:30;0;4;2.79;3.90;2.23;2.85;3.85;2.22;v3XimZA4;
0CYmlFeb;Detroit Red Wings;New York Islanders;03.12.2019 01:30;1;4;4.15;4.11;1.75;3.85;4.25;1.78;0CYmlFeb;
EeztjyRo;Buffalo Sabres;New Jersey Devils;03.12.2019 01:00;7;1;2.32;3.92;2.65;2.25;3.95;2.77;EeztjyRo;-2.5;+2.5;4.72;1.19;4.72;1.19;2.97;1.40;2.97;1.40;1.31;3.51;1.31;3.51;1.14;5.74;1.14;5.74;
hnZqketh;New York Rangers;Vegas Golden Knights;03.12.2019 01:00;1;4;2.86;3.93;2.19;2.88;3.90;2.20;hnZqketh;
hxvm8k5K;Vancouver Canucks;Edmonton Oilers;02.12.2019 04:00;2;3;2.32;3.91;2.66;2.30;4.00;2.68;hxvm8k5K;-2.5;+2.5;4.78;1.19;4.78;1.19;2.98;1.40;2.98;1.40;1.30;3.55;1.30;3.55;1.14;5.86;1.14;5.86;
t2zq9VkE;Boston Bruins;Montreal Canadiens;02.12.2019 01:00;3;1;1.81;4.20;3.66;1.82;4.20;3.70;t2zq9VkE;-3.5;+2.5;5.35;1.16;5.35;1.16;3.22;1.35;3.22;1.35;2.20;1.67;2.20;1.67;1.17;5.05;1.17;5.05;1.08;8.21;1.08;8.21;
CjdcRilo;Minnesota Wild;Dallas Stars;01.12.2019 21:00;3;2;2.50;3.82;2.49;2.50;3.87;2.50;CjdcRilo;
vcd0pnDD;Edmonton Oilers;Vancouver Canucks;01.12.2019 04:00;2;5;2.25;3.94;2.74;2.23;4.00;2.78;vcd0pnDD;
06cdoSc7;Los Angeles Kings;Winnipeg Jets;01.12.2019 04:00;2;1;2.36;3.91;2.60;2.45;3.90;2.54;06cdoSc7;
zV4VVXuU;Colorado Avalanche;Chicago Blackhawks;01.12.2019 03:00;7;3;1.90;4.15;3.37;1.92;4.20;3.35;zV4VVXuU;-2.5;+2.5;8.11;1.08;8.11;1.08;3.67;1.28;3.67;1.28;2.44;1.55;2.44;1.55;1.22;4.33;1.22;4.33;1.10;7.07;1.10;7.07;
2H6NXgBH;Arizona Coyotes;San Jose Sharks;01.12.2019 02:00;2;4;2.27;3.88;2.74;2.22;3.90;2.85;2H6NXgBH;-2.5;+2.5;4.82;1.19;4.82;1.19;2.96;1.40;2.96;1.40;1.28;3.74;1.28;3.74;1.12;6.31;1.12;6.31;
t85RWDQN;St. Louis Blues;Pittsburgh Penguins;01.12.2019 02:00;5;2;2.26;3.91;2.74;2.30;4.00;2.68;t85RWDQN;-2.5;+2.5;4.67;1.20;4.67;1.20;2.91;1.41;2.91;1.41;1.28;3.70;1.28;3.70;1.13;6.16;1.13;6.16;
htflmlTf;Calgary Flames;Ottawa Senators;01.12.2019 01:00;3;1;1.68;4.33;4.32;1.68;4.36;4.30;htflmlTf;
6kDEZFt5;Florida Panthers;Nashville Predators;01.12.2019 01:00;3;0;2.33;3.97;2.61;2.34;4.00;2.63;6kDEZFt5;
ptCIYZeB;New York Islanders;Columbus Blue Jackets;01.12.2019 01:00;2;0;1.80;4.14;3.85;1.87;4.08;3.60;ptCIYZeB;-3.5;+2.5;7.81;1.09;7.81;1.09;3.31;1.33;3.31;1.33;2.18;1.68;2.18;1.68;1.15;5.62;1.15;5.62;1.08;8.22;1.08;8.22;
CSDAzdRb;Tampa Bay Lightning;Carolina Hurricanes;01.12.2019 01:00;2;3;1.95;4.10;3.26;2.00;4.05;3.20;CSDAzdRb;-2.5;+2.5;8.23;1.08;8.23;1.08;3.65;1.29;3.65;1.29;2.47;1.54;2.47;1.54;1.24;4.09;1.24;4.09;1.12;6.55;1.12;6.55;
Toronto Maple Leafs;5.83;1.14;5.83;Buffalo Sabres;-3.5;2;WWhhn8r1;1;WWhhn8r1;01.12.2019 01:00;WWhhn8r1;2.65;1.48;2.65;1.48;1.89;1.91;1.89;1.91;1.12;6.26;1.12;6.26;1.08;8.01;1.08;8.01;
AH4qlUDl;Montreal Canadiens;Philadelphia Flyers;30.11.2019 21:00;3;4;2.22;3.97;2.78;2.22;4.00;2.80;AH4qlUDl;-2.5;+2.5;4.29;1.22;4.29;1.22;2.78;1.44;2.78;1.44;1.28;3.67;1.28;3.67;1.13;5.94;1.13;5.94;
ITK1xIdn;New Jersey Devils;New York Rangers;30.11.2019 19:00;0;4;2.06;4.03;3.05;2.05;4.00;3.10;ITK1xIdn;
vwMcwbst;Dallas Stars;St. Louis Blues;30.11.2019 02:30;1;3;2.04;3.92;3.18;2.06;3.90;3.15;vwMcwbst;
S4uhIEBU;Carolina Hurricanes;Nashville Predators;30.11.2019 01:30;0;3;2.20;3.98;2.80;2.20;3.95;2.85;S4uhIEBU;
lEtlJfdO;Columbus Blue Jackets;Pittsburgh Penguins;30.11.2019 01:00;5;2;2.56;3.90;2.40;2.71;3.87;2.32;lEtlJfdO;-2.5;+2.5;5.47;1.15;5.47;1.15;3.36;1.33;3.36;1.33;1.37;3.10;1.37;3.10;1.18;4.96;1.18;4.96;
6kiqKzsI;Vegas Golden Knights;Arizona Coyotes;30.11.2019 00:00;2;1;2.04;4.00;3.12;1.95;4.15;3.30;6kiqKzsI;-2.5;+2.5;3.91;1.26;3.91;1.26;2.54;1.52;2.54;1.52;1.22;4.30;1.22;4.30;1.10;7.15;1.10;7.15;
hnmuLGRB;Washington Capitals;Tampa Bay Lightning;29.11.2019 23:00;4;3;2.32;3.97;2.63;2.30;3.90;2.72;hnmuLGRB;-2.5;+2.5;4.43;1.21;4.43;1.21;2.90;1.42;2.90;1.42;1.32;3.38;1.32;3.38;1.16;5.33;1.16;5.33;
0rF9fWzL;Anaheim Ducks;Winnipeg Jets;29.11.2019 22:00;0;3;2.28;3.90;2.71;2.26;3.90;2.78;0rF9fWzL;-2.5;+2.5;4.74;1.19;4.74;1.19;2.94;1.40;2.94;1.40;1.29;3.66;1.29;3.66;1.13;6.08;1.13;6.08;
dE0ukAbr;Buffalo Sabres;Toronto Maple Leafs;29.11.2019 22:00;6;4;3.06;3.98;2.07;3.20;4.05;2.00;dE0ukAbr;
KYlXMxca;Chicago Blackhawks;Colorado Avalanche;29.11.2019 22:00;2;5;2.32;3.94;2.65;2.47;3.87;2.53;KYlXMxca;
vZDDgjjR;Minnesota Wild;Ottawa Senators;29.11.2019 22:00;7;2;1.85;4.30;3.44;1.83;4.12;3.70;vZDDgjjR;-3.5;+2.5;8.19;1.08;8.19;1.08;3.53;1.30;3.53;1.30;2.32;1.61;2.32;1.61;1.18;4.94;1.18;4.94;1.09;7.85;1.09;7.85;
bPmyMdC5;Philadelphia Flyers;Detroit Red Wings;29.11.2019 22:00;6;1;1.59;4.52;4.85;1.61;4.50;4.65;bPmyMdC5;-3.5;+2.5;5.71;1.14;5.71;1.14;2.57;1.51;2.57;1.51;1.82;1.99;1.82;1.99;1.10;6.97;1.10;6.97;1.08;8.22;1.08;8.22;
hCIzOIsg;San Jose Sharks;Los Angeles Kings;29.11.2019 22:00;4;1;1.95;4.07;3.32;1.95;4.05;3.35;hCIzOIsg;-3.5;+2.5;8.21;1.08;8.21;1.08;3.57;1.30;3.57;1.30;2.38;1.58;2.38;1.58;1.20;4.57;1.20;4.57;1.09;7.50;1.09;7.50;
ELJWObSn;Boston Bruins;New York Rangers;29.11.2019 19:00;3;2;1.77;4.25;3.81;1.75;4.30;3.95;ELJWObSn;-3.5;+1.5;4.50;1.20;4.50;1.20;3.02;1.39;3.02;1.39;2.10;1.74;2.10;1.74;1.16;5.28;1.16;5.28;
YLrDeCLE;Montreal Canadiens;New Jersey Devils;29.11.2019 01:30;4;6;1.99;4.06;3.21;2.02;4.00;3.15;YLrDeCLE;-2.5;+2.5;8.22;1.08;8.22;1.08;3.64;1.29;3.64;1.29;2.43;1.56;2.43;1.56;1.22;4.36;1.22;4.36;1.10;7.13;1.10;7.13;
KbKSPvDt;Los Angeles Kings;New York Islanders;28.11.2019 04:30;4;1;2.99;3.88;2.13;3.10;3.85;2.10;KbKSPvDt;-2.5;+2.5;6.97;1.10;6.97;1.10;4.14;1.24;4.14;1.24;1.46;2.71;1.46;2.71;1.22;4.30;1.22;4.30;
fVq9dh68;San Jose Sharks;Winnipeg Jets;28.11.2019 04:30;1;5;2.23;3.96;2.77;2.12;4.00;2.97;fVq9dh68;-2.5;+2.5;4.34;1.22;4.34;1.22;2.80;1.44;2.80;1.44;1.28;3.67;1.28;3.67;1.13;5.97;1.13;5.97;
tSeRX8T7;Colorado Avalanche;Edmonton Oilers;28.11.2019 04:00;4;1;2.21;3.97;2.79;2.22;3.97;2.81;tSeRX8T7;-2.5;+2.5;4.28;1.22;4.28;1.22;2.77;1.45;2.77;1.45;1.28;3.69;1.28;3.69;1.13;5.98;1.13;5.98;
8Mias7rE;Arizona Coyotes;Anaheim Ducks;28.11.2019 03:30;4;3;2.13;3.90;2.99;2.10;3.92;3.05;8Mias7rE;-2.5;+2.5;4.47;1.21;4.47;1.21;2.75;1.45;2.75;1.45;1.23;4.21;1.23;4.21;1.10;7.23;1.10;7.23;
Nashville Predators;4.02;1.25;4.02;Vegas Golden Knights;-2.5;3;6HDGIN5D;4;6HDGIN5D;28.11.2019 02:00;6HDGIN5D;2.63;1.49;2.63;1.49;1.26;3.93;1.26;3.93;1.12;6.40;1.12;6.40;
SQECJ3j7;Columbus Blue Jackets;Philadelphia Flyers;28.11.2019 01:00;2;3;2.43;3.87;2.54;2.35;3.90;2.66;SQECJ3j7;-2.5;+2.5;5.24;1.16;5.24;1.16;3.19;1.35;3.19;1.35;1.32;3.38;1.32;3.38;1.15;5.60;1.15;5.60;
p02IZUbe;Detroit Red Wings;Toronto Maple Leafs;28.11.2019 01:00;0;6;4.29;4.21;1.71;3.95;4.90;1.66;p02IZUbe;-1.5;+3.5;7.05;1.10;7.05;1.10;6.00;1.13;6.00;1.13;1.83;1.98;1.83;1.98;1.44;2.80;1.44;2.80;1.14;5.75;1.14;5.75;
K0B4LPLf;New York Rangers;Carolina Hurricanes;28.11.2019 01:00;3;2;3.12;4.00;2.04;2.98;4.25;2.05;K0B4LPLf;-2.5;+3.5;6.62;1.11;6.62;1.11;4.14;1.24;4.14;1.24;1.54;2.47;1.54;2.47;1.29;3.65;1.29;3.65;1.08;8.19;1.08;8.19;
693EzBqk;Ottawa Senators;Boston Bruins;28.11.2019 01:00;1;2;3.15;3.92;2.05;3.15;4.10;2.02;693EzBqk;
SOiNYlE1;Pittsburgh Penguins;Vancouver Canucks;28.11.2019 01:00;8;6;1.99;4.03;3.23;1.95;4.07;3.35;SOiNYlE1;-2.5;+2.5;3.73;1.28;3.73;1.28;2.45;1.55;2.45;1.55;1.21;4.46;1.21;4.46;1.12;6.20;1.12;6.20;
xxMaM56l;Tampa Bay Lightning;St. Louis Blues;28.11.2019 01:00;3;4;2.05;3.99;3.10;2.02;4.00;3.20;xxMaM56l;-2.5;+2.5;3.95;1.25;3.95;1.25;2.56;1.51;2.56;1.51;1.23;4.25;1.23;4.25;1.10;7.06;1.10;7.06;
Washington Capitals;7.29;1.10;7.29;Florida Panthers;-3.5;4;biA8Kqy1;3;biA8Kqy1;28.11.2019 01:00;biA8Kqy1;3.27;1.34;3.27;1.34;2.27;1.64;2.27;1.64;1.20;4.54;1.20;4.54;1.10;7.23;1.10;7.23;
Q1IeNoir;Chicago Blackhawks;Dallas Stars;27.11.2019 02:00;3;0;2.51;3.88;2.45;2.52;3.90;2.47;Q1IeNoir;-2.5;+2.5;5.47;1.15;5.47;1.15;3.32;1.33;3.32;1.33;1.35;3.22;1.35;3.22;1.16;5.28;1.16;5.28;
zRCrtXLR;Montreal Canadiens;Boston Bruins;27.11.2019 01:00;1;8;2.57;3.90;2.39;2.60;3.92;2.39;zRCrtXLR;
8MVTRRrR;New Jersey Devils;Minnesota Wild;27.11.2019 01:00;2;3;2.14;3.96;2.92;2.14;3.85;3.00;8MVTRRrR;-2.5;+2.5;4.17;1.23;4.17;1.23;2.69;1.47;2.69;1.47;1.25;3.95;1.25;3.95;1.12;6.52;1.12;6.52;
UVWPS7TK;Los Angeles Kings;San Jose Sharks;26.11.2019 04:30;3;4;2.58;3.89;2.38;2.63;3.90;2.37;UVWPS7TK;-2.5;+2.5;5.57;1.15;5.57;1.15;3.41;1.32;3.41;1.32;1.38;3.08;1.38;3.08;1.18;4.93;1.18;4.93;
CfxLTmEE;Anaheim Ducks;New York Islanders;26.11.2019 04:00;3;0;2.74;3.85;2.29;2.74;3.95;2.27;CfxLTmEE;-2.5;+2.5;6.29;1.12;6.29;1.12;3.73;1.28;3.73;1.28;1.40;2.98;1.40;2.98;1.18;4.85;1.18;4.85;
Y3wHUTb8;Dallas Stars;Vegas Golden Knights;26.11.2019 02:30;4;2;2.13;3.93;2.97;2.16;3.91;2.95;Y3wHUTb8;
K0kZ5pM7;Nashville Predators;St. Louis Blues;26.11.2019 02:00;3;2;2.05;3.99;3.10;2.06;4.05;3.05;K0kZ5pM7;-2.5;+2.5;3.95;1.25;3.95;1.25;2.55;1.51;2.55;1.51;1.23;4.25;1.23;4.25;1.10;7.07;1.10;7.07;
6coV6Q61;New York Rangers;Minnesota Wild;26.11.2019 01:00;3;2;2.68;3.92;2.30;2.63;3.96;2.35;6coV6Q61;
n5KVrZy9;Philadelphia Flyers;Vancouver Canucks;26.11.2019 01:00;2;1;2.17;3.95;2.87;2.07;4.10;3.00;n5KVrZy9;
tSJZsgiF;Pittsburgh Penguins;Calgary Flames;26.11.2019 01:00;3;2;1.90;4.02;3.46;1.95;4.05;3.35;tSJZsgiF;-2.5;+2.5;3.94;1.25;3.94;1.25;2.55;1.52;2.55;1.52;1.22;4.30;1.22;4.30;1.12;6.35;1.12;6.35;
8ELRqFM2;Tampa Bay Lightning;Buffalo Sabres;26.11.2019 01:00;5;2;1.70;4.35;4.14;1.70;4.40;3.95;8ELRqFM2;-3.5;+1.5;4.60;1.20;4.60;1.20;2.79;1.44;2.79;1.44;1.97;1.83;1.97;1.83;1.14;5.77;1.14;5.77;
WdxqLVq2;Arizona Coyotes;Edmonton Oilers;25.11.2019 02:00;3;4;2.29;3.88;2.71;2.30;3.90;2.72;WdxqLVq2;-2.5;+2.5;4.86;1.18;4.86;1.18;2.98;1.40;2.98;1.40;1.28;3.68;1.28;3.68;1.13;6.20;1.13;6.20;
OYeQ76ie;Detroit Red Wings;Carolina Hurricanes;25.11.2019 01:00;0;2;3.57;4.04;1.88;3.40;4.30;1.88;OYeQ76ie;
prcM8nxk;Florida Panthers;Buffalo Sabres;24.11.2019 23:00;2;5;2.12;4.00;2.93;2.10;4.10;2.96;prcM8nxk;-2.5;+2.5;7.73;1.09;7.73;1.09;3.98;1.25;3.98;1.25;2.62;1.49;2.62;1.49;1.26;3.90;1.26;3.90;1.12;6.32;1.12;6.32;
xIcI9SMr;San Jose Sharks;New York Islanders;24.11.2019 04:30;2;1;2.56;3.88;2.40;2.40;3.87;2.61;xIcI9SMr;
h6wuMBUe;Vegas Golden Knights;Edmonton Oilers;24.11.2019 04:00;2;4;1.85;4.15;3.59;1.86;4.16;3.55;h6wuMBUe;
Dallas Stars;6.00;1.13;6.00;Chicago Blackhawks;-3.5;2;z9BjE8ER;1;z9BjE8ER;24.11.2019 02:00;z9BjE8ER;3.64;1.29;3.64;1.29;2.38;1.58;2.38;1.58;1.19;4.77;1.19;4.77;1.08;7.97;1.08;7.97;
hpMoFlaL;St. Louis Blues;Nashville Predators;24.11.2019 02:00;2;4;2.32;3.90;2.66;2.25;3.90;2.80;hpMoFlaL;-2.5;+2.5;4.84;1.19;4.84;1.19;3.00;1.39;3.00;1.39;1.30;3.56;1.30;3.56;1.14;5.90;1.14;5.90;
UBzig7x2;Boston Bruins;Minnesota Wild;24.11.2019 01:00;5;4;1.76;4.21;3.96;1.75;4.15;4.05;UBzig7x2;
vsIsGUqF;Carolina Hurricanes;Florida Panthers;24.11.2019 01:00;4;2;2.04;4.08;3.08;2.07;4.00;3.10;vsIsGUqF;-3.5;+2.5;8.10;1.08;8.10;1.08;3.61;1.29;3.61;1.29;2.46;1.55;2.46;1.55;1.24;4.06;1.24;4.06;1.12;6.46;1.12;6.46;
vac4SDiS;Colorado Avalanche;Toronto Maple Leafs;24.11.2019 01:00;3;5;2.57;3.94;2.37;2.48;3.95;2.49;vac4SDiS;-2.5;+2.5;5.25;1.16;5.25;1.16;3.32;1.33;3.32;1.33;1.39;2.99;1.39;2.99;1.20;4.64;1.20;4.64;
bqvyNiFk;Montreal Canadiens;New York Rangers;24.11.2019 01:00;5;6;1.71;4.35;4.11;1.73;4.50;3.90;bqvyNiFk;-3.5;+2.5;6.16;1.13;6.16;1.13;2.79;1.44;2.79;1.44;1.98;1.83;1.98;1.83;1.14;5.72;1.14;5.72;1.09;7.76;1.09;7.76;
pKIwHAU8;New Jersey Devils;Detroit Red Wings;24.11.2019 01:00;5;1;1.99;4.03;3.22;2.00;3.90;3.30;pKIwHAU8;
6TJZHjF2;Tampa Bay Lightning;Anaheim Ducks;24.11.2019 01:00;6;2;1.75;4.26;3.95;1.72;4.15;4.25;6TJZHjF2;-3.5;+1.5;6.74;1.11;6.74;1.11;2.99;1.40;2.99;1.40;2.06;1.76;2.06;1.76;1.15;5.56;1.15;5.56;
ptzXNXaq;Winnipeg Jets;Columbus Blue Jackets;24.11.2019 01:00;4;3;2.26;3.92;2.74;2.24;3.90;2.81;ptzXNXaq;-2.5;+2.5;4.58;1.20;4.58;1.20;2.88;1.42;2.88;1.42;1.28;3.67;1.28;3.67;1.13;6.07;1.13;6.07;
jLymfmNe;Los Angeles Kings;Arizona Coyotes;23.11.2019 22:00;2;3;2.72;3.85;2.30;2.68;3.85;2.35;jLymfmNe;-2.5;+2.5;6.23;1.13;6.23;1.13;3.70;1.28;3.70;1.28;1.39;3.00;1.39;3.00;1.18;4.90;1.18;4.90;
08b0TgxM;Philadelphia Flyers;Calgary Flames;23.11.2019 19:00;2;3;2.27;3.92;2.73;2.23;3.95;2.80;08b0TgxM;
hradUZMF;Washington Capitals;Vancouver Canucks;23.11.2019 18:30;1;2;1.85;4.18;3.56;1.88;4.05;3.60;hradUZMF;-3.5;+2.5;7.15;1.10;7.15;1.10;3.18;1.36;3.18;1.36;2.20;1.67;2.20;1.67;1.18;4.87;1.18;4.87;1.09;7.82;1.09;7.82;
Ei0hVF79;Ottawa Senators;New York Rangers;23.11.2019 01:30;4;1;2.35;3.95;2.60;2.41;4.00;2.54;Ei0hVF79;-2.5;+2.5;4.61;1.20;4.61;1.20;2.97;1.40;2.97;1.40;1.33;3.36;1.33;3.36;1.16;5.35;1.16;5.35;
dbxqeT7k;Pittsburgh Penguins;New Jersey Devils;23.11.2019 01:00;4;1;2.10;3.99;2.99;2.10;4.00;3.00;dbxqeT7k;-3.5;+2.5;7.86;1.09;7.86;1.09;4.00;1.25;4.00;1.25;2.61;1.50;2.61;1.50;1.25;4.02;1.25;4.02;1.11;6.59;1.11;6.59;
WSAmWeh3;Los Angeles Kings;Edmonton Oilers;22.11.2019 04:30;5;1;2.80;3.91;2.22;2.95;3.90;2.16;WSAmWeh3;
Vegas Golden Knights;7.24;1.10;7.24;San Jose Sharks;-3.5;1;bDJud9hq;2;bDJud9hq;22.11.2019 04:00;bDJud9hq;3.21;1.35;3.21;1.35;2.21;1.67;2.21;1.67;1.18;4.86;1.18;4.86;1.09;7.84;1.09;7.84;
IP6qXywc;Arizona Coyotes;Toronto Maple Leafs;22.11.2019 03:00;1;3;2.49;3.91;2.46;2.42;3.93;2.56;IP6qXywc;-2.5;+2.5;5.18;1.17;5.18;1.17;3.23;1.35;3.23;1.35;1.36;3.17;1.36;3.17;1.17;5.07;1.17;5.07;
4MI18h0d;Dallas Stars;Winnipeg Jets;22.11.2019 02:30;5;3;1.99;4.00;3.27;1.95;4.00;3.40;4MI18h0d;
hWtD0kpS;Chicago Blackhawks;Tampa Bay Lightning;22.11.2019 02:30;2;4;2.78;3.95;2.22;2.83;3.93;2.22;hWtD0kpS;-2.5;+3.5;5.79;1.14;5.79;1.14;3.63;1.29;3.63;1.29;1.45;2.76;1.45;2.76;1.23;4.18;1.23;4.18;1.08;8.14;1.08;8.14;
Eur91VUL;Minnesota Wild;Colorado Avalanche;22.11.2019 02:00;3;2;2.34;3.91;2.63;2.40;3.95;2.57;Eur91VUL;-2.5;+2.5;4.84;1.19;4.84;1.19;3.02;1.39;3.02;1.39;1.31;3.49;1.31;3.49;1.14;5.75;1.14;5.75;
QVJc9Ypj;Nashville Predators;Vancouver Canucks;22.11.2019 02:00;3;6;1.88;4.10;3.47;1.88;4.15;3.50;QVJc9Ypj;
8fPhAEVq;St. Louis Blues;Calgary Flames;22.11.2019 02:00;5;0;2.05;4.05;3.04;2.07;4.05;3.05;8fPhAEVq;-2.5;+2.5;4.43;1.21;4.43;1.21;2.76;1.45;2.76;1.45;1.25;4.04;1.25;4.04;1.11;6.84;1.11;6.84;
dpcAtUhd;Boston Bruins;Buffalo Sabres;22.11.2019 01:00;3;2;1.63;4.40;4.58;1.65;4.37;4.50;dpcAtUhd;-3.5;+1.5;5.15;1.16;5.15;1.16;2.75;1.45;2.75;1.45;1.90;1.90;1.90;1.90;1.11;6.62;1.11;6.62;
6Fv13i09;Carolina Hurricanes;Philadelphia Flyers;22.11.2019 01:00;3;5;2.07;4.01;3.05;1.98;4.05;3.25;6Fv13i09;-2.5;+2.5;8.16;1.08;8.16;1.08;3.89;1.26;3.89;1.26;2.55;1.51;2.55;1.51;1.24;4.12;1.24;4.12;1.11;6.74;1.11;6.74;
p6w52BFF;Columbus Blue Jackets;Detroit Red Wings;22.11.2019 01:00;5;4;1.86;4.12;3.58;1.85;4.10;3.65;p6w52BFF;
Amoh5DVd;Florida Panthers;Anaheim Ducks;22.11.2019 01:00;5;4;1.89;4.12;3.46;1.85;4.15;3.60;Amoh5DVd;-3.5;+2.5;6.30;1.12;6.30;1.12;3.36;1.33;3.36;1.33;2.28;1.63;2.28;1.63;1.19;4.75;1.19;4.75;1.09;7.74;1.09;7.74;
Ojkd4Xp3;New York Islanders;Pittsburgh Penguins;22.11.2019 01:00;4;3;2.17;3.93;2.89;2.17;4.00;2.88;Ojkd4Xp3;-2.5;+2.5;4.36;1.22;4.36;1.22;2.75;1.45;2.75;1.45;1.25;3.95;1.25;3.95;1.11;6.61;1.11;6.61;
WU1PRt1H;Montreal Canadiens;Ottawa Senators;21.11.2019 01:30;1;2;1.79;4.24;3.78;1.81;4.20;3.75;WU1PRt1H;
vNqIT2W4;San Jose Sharks;Edmonton Oilers;20.11.2019 04:30;2;5;2.00;4.10;3.13;2.02;4.30;3.00;vNqIT2W4;-2.5;+2.5;4.03;1.25;4.03;1.25;2.68;1.47;2.68;1.47;1.28;3.70;1.28;3.70;1.14;5.89;1.14;5.89;
I7e9VO1h;Vegas Golden Knights;Toronto Maple Leafs;20.11.2019 04:00;4;2;1.95;4.20;3.22;2.00;4.25;3.10;I7e9VO1h;
lYj5W4nn;Calgary Flames;Colorado Avalanche;20.11.2019 03:00;2;3;2.27;3.94;2.71;2.18;4.10;2.77;lYj5W4nn;-2.5;+2.5;4.52;1.21;4.52;1.21;2.88;1.42;2.88;1.42;1.29;3.59;1.29;3.59;1.14;5.86;1.14;5.86;
Ash1XpXu;Dallas Stars;Vancouver Canucks;20.11.2019 02:30;6;1;1.95;4.10;3.26;1.97;4.15;3.25;Ash1XpXu;
xrs9rjOq;Chicago Blackhawks;Carolina Hurricanes;20.11.2019 02:30;2;4;2.73;3.94;2.26;2.66;3.95;2.33;xrs9rjOq;-2.5;+2.5;5.70;1.14;5.70;1.14;3.56;1.30;3.56;1.30;1.43;2.82;1.43;2.82;1.22;4.32;1.22;4.32;
pKQfC11U;Nashville Predators;Winnipeg Jets;20.11.2019 02:00;1;2;1.80;4.20;3.41;1.81;4.30;3.65;pKQfC11U;-3.5;+2.5;5.35;1.15;5.35;1.15;3.29;1.34;3.29;1.34;2.24;1.65;2.24;1.65;1.19;4.73;1.19;4.73;1.09;7.72;1.09;7.72;
zZfsmWFS;St. Louis Blues;Tampa Bay Lightning;20.11.2019 02:00;3;1;2.69;3.92;2.30;2.70;3.90;2.32;zZfsmWFS;
Detroit Red Wings;8.22;1.08;8.22;Ottawa Senators;-3.5;3;WGMjDsnO;4;WGMjDsnO;20.11.2019 01:30;WGMjDsnO;4.85;1.18;4.85;1.18;3.06;1.38;3.06;1.38;1.33;3.37;1.33;3.37;1.15;5.46;1.15;5.46;
Buffalo Sabres;5.25;1.16;5.25;Minnesota Wild;-2.5;1;6g3QjEG3;4;6g3QjEG3;20.11.2019 01:00;6g3QjEG3;3.22;1.35;3.22;1.35;1.34;3.30;1.34;3.30;1.16;5.40;1.16;5.40;
xfNnENWH;Columbus Blue Jackets;Montreal Canadiens;20.11.2019 01:00;5;2;2.58;3.89;2.39;2.71;3.90;2.28;xfNnENWH;
pp2UkYV9;Florida Panthers;Philadelphia Flyers;20.11.2019 01:00;5;2;2.12;4.01;2.94;2.10;4.00;3.00;pp2UkYV9;-2.5;+2.5;3.94;1.25;3.94;1.25;2.61;1.49;2.61;1.49;1.26;3.89;1.26;3.89;1.12;6.29;1.12;6.29;
S8iZlhoG;New Jersey Devils;Boston Bruins;20.11.2019 01:00;1;5;2.91;3.89;2.17;3.10;3.96;2.07;S8iZlhoG;-2.5;+2.5;6.63;1.11;6.63;1.11;3.97;1.25;3.97;1.25;1.45;2.75;1.45;2.75;1.22;4.35;1.22;4.35;
tCewlC0M;Pittsburgh Penguins;New York Islanders;20.11.2019 01:00;4;5;2.25;3.89;2.77;2.25;3.90;2.80;tCewlC0M;-2.5;+2.5;4.72;1.19;4.72;1.19;2.91;1.41;2.91;1.41;1.27;3.77;1.27;3.77;1.12;6.33;1.12;6.33;
xKbMif1c;Arizona Coyotes;Los Angeles Kings;19.11.2019 03:00;3;0;1.96;4.00;3.34;1.96;4.00;3.35;xKbMif1c;-2.5;+2.5;3.83;1.27;3.83;1.27;2.45;1.55;2.45;1.55;1.19;4.75;1.19;4.75;1.08;8.06;1.08;8.06;
Washington Capitals;5.50;1.15;5.50;Anaheim Ducks;-3.5;5;bTaIhzni;2;bTaIhzni;19.11.2019 01:00;bTaIhzni;2.91;1.41;2.91;1.41;2.02;1.80;2.02;1.80;1.14;5.79;1.14;5.79;1.08;8.17;1.08;8.17;
dOLZTj9j;Chicago Blackhawks;Buffalo Sabres;18.11.2019 01:00;4;1;2.23;3.97;2.76;2.17;4.00;2.88;dOLZTj9j;-2.5;+2.5;4.29;1.22;4.29;1.22;2.79;1.44;2.79;1.44;1.29;3.63;1.29;3.63;1.14;5.85;1.14;5.85;
b3OrF3HB;Vegas Golden Knights;Calgary Flames;18.11.2019 01:00;6;0;1.98;4.06;3.24;2.00;4.00;3.25;b3OrF3HB;-2.5;+2.5;3.62;1.29;3.62;1.29;2.41;1.57;2.41;1.57;1.21;4.41;1.21;4.41;1.10;7.21;1.10;7.21;
San Jose Sharks;5.25;1.16;5.25;Detroit Red Wings;-3.5;4;plIVUWgp;3;plIVUWgp;17.11.2019 04:30;plIVUWgp;2.79;1.44;2.79;1.44;1.96;1.84;1.96;1.84;1.14;5.90;1.14;5.90;1.08;8.18;1.08;8.18;
Ii7oGq25;Vancouver Canucks;Colorado Avalanche;17.11.2019 04:00;4;5;2.06;4.03;3.05;2.13;3.85;3.05;Ii7oGq25;
E1ebmuAB;Nashville Predators;Chicago Blackhawks;17.11.2019 02:00;2;7;1.81;4.22;3.73;1.83;4.20;3.65;E1ebmuAB;-3.5;+2.5;5.50;1.15;5.50;1.15;3.08;1.38;3.08;1.38;2.13;1.71;2.13;1.71;1.17;5.16;1.17;5.16;1.08;8.21;1.08;8.21;
dQ0glLf5;St. Louis Blues;Anaheim Ducks;17.11.2019 02:00;1;4;1.96;3.99;3.34;1.90;4.05;3.50;dQ0glLf5;-2.5;+2.5;7.92;1.08;7.79;1.09;3.88;1.26;3.88;1.26;2.46;1.55;2.46;1.55;1.19;4.79;1.19;4.79;1.08;8.17;1.08;8.18;
A9bsiNAn;Boston Bruins;Washington Capitals;17.11.2019 01:00;2;3;2.38;3.91;2.58;2.25;3.95;2.77;A9bsiNAn;-2.5;+2.5;4.92;1.18;4.92;1.18;3.08;1.38;3.08;1.38;1.32;3.39;1.32;3.39;1.15;5.54;1.15;5.54;
Wz5ZIoIn;Buffalo Sabres;Ottawa Senators;17.11.2019 01:00;4;2;1.83;4.17;3.66;1.85;4.15;3.60;Wz5ZIoIn;-3.5;+2.5;7.35;1.10;7.35;1.10;3.22;1.35;3.22;1.35;2.19;1.68;2.19;1.68;1.17;5.11;1.17;5.11;1.08;8.21;1.08;8.21;
OC2ojsQh;Florida Panthers;New York Rangers;17.11.2019 01:00;4;3;1.78;4.27;3.80;1.82;4.25;3.65;OC2ojsQh;-3.5;+2.5;6.55;1.12;6.53;1.12;2.96;1.40;2.95;1.40;2.08;1.75;2.07;1.75;1.17;5.21;1.16;5.23;1.08;8.07;1.08;8.07;
pv9wI5Xh;Montreal Canadiens;New Jersey Devils;17.11.2019 01:00;3;4;1.90;4.07;3.40;1.93;4.15;3.35;pv9wI5Xh;-2.5;+2.5;8.08;1.08;8.08;1.08;3.68;1.28;3.68;1.28;2.45;1.55;2.45;1.55;1.22;4.30;1.22;4.30;1.10;7.02;1.10;7.02;
IZ1kk1ua;Philadelphia Flyers;New York Islanders;17.11.2019 01:00;3;4;2.58;3.88;2.39;2.56;3.87;2.44;IZ1kk1ua;
Pittsburgh Penguins;4.19;1.23;4.19;Toronto Maple Leafs;-2.5;6;v18sHPna;1;v18sHPna;17.11.2019 01:00;v18sHPna;2.73;1.46;2.73;1.46;1.28;3.72;1.28;3.72;1.13;6.00;1.13;6.00;
n3T2O7fP;Arizona Coyotes;Calgary Flames;16.11.2019 22:00;3;0;2.44;3.85;2.54;2.40;3.85;2.62;n3T2O7fP;
bmzLaOHO;Edmonton Oilers;Dallas Stars;16.11.2019 22:00;4;5;2.32;3.86;2.68;2.26;3.85;2.81;bmzLaOHO;-2.5;+2.5;5.08;1.17;5.08;1.18;3.06;1.38;3.06;1.39;1.28;3.67;1.28;3.67;1.12;6.23;1.12;6.23;
hhf2naPH;Los Angeles Kings;Vegas Golden Knights;16.11.2019 22:00;4;3;3.06;3.95;2.08;3.05;3.93;2.10;hhf2naPH;-2.5;+3.5;6.74;1.11;6.74;1.11;4.12;1.24;4.12;1.24;1.51;2.57;1.51;2.57;1.26;3.91;1.26;3.91;1.08;8.09;1.08;8.09;
lCFUJR2t;Tampa Bay Lightning;Winnipeg Jets;16.11.2019 22:00;3;4;1.70;4.36;4.14;1.70;4.35;4.15;lCFUJR2t;-3.5;+2.5;4.95;1.18;4.95;1.18;2.76;1.45;2.76;1.46;1.96;1.84;1.96;1.85;1.14;5.74;1.14;5.74;1.08;7.95;1.08;7.95;
Sp9xh3et;Minnesota Wild;Carolina Hurricanes;16.11.2019 20:00;3;4;2.64;3.89;2.35;2.54;3.90;2.45;Sp9xh3et;
Ottawa Senators;6.42;1.12;6.42;Philadelphia Flyers;-2.5;2;KdyH042I;1;KdyH042I;16.11.2019 01:30;KdyH042I;3.95;1.25;3.95;1.25;1.49;2.63;1.49;2.63;1.25;4.01;1.25;4.01;
QyNAdqmP;Columbus Blue Jackets;St. Louis Blues;16.11.2019 01:00;3;2;2.54;3.87;2.43;2.62;3.85;2.40;QyNAdqmP;
CKJTXaAO;New Jersey Devils;Pittsburgh Penguins;16.11.2019 01:00;2;1;2.56;3.89;2.41;2.70;3.90;2.35;CKJTXaAO;-2.5;+2.5;5.51;1.15;5.51;1.15;3.37;1.33;3.37;1.33;1.37;3.12;1.37;3.12;1.17;5.03;1.17;5.03;
Qcr82QX5;Toronto Maple Leafs;Boston Bruins;16.11.2019 01:00;2;4;2.35;3.93;2.61;2.38;3.95;2.60;Qcr82QX5;-2.5;+2.5;4.71;1.19;4.71;1.19;2.99;1.39;2.99;1.39;1.32;3.41;1.32;3.41;1.15;5.52;1.15;5.52;
xYoC1pmC;Washington Capitals;Montreal Canadiens;16.11.2019 01:00;2;5;2.01;4.07;3.14;1.95;3.95;3.40;xYoC1pmC;-3.5;+2.5;8.09;1.08;8.09;1.08;3.59;1.30;3.59;1.30;2.43;1.56;2.43;1.56;1.23;4.19;1.23;4.19;1.11;6.72;1.11;6.72;
j5VKZLuC;Anaheim Ducks;San Jose Sharks;15.11.2019 04:00;3;5;2.53;3.88;2.44;2.57;3.90;2.42;j5VKZLuC;
Wzq436Ia;Vancouver Canucks;Dallas Stars;15.11.2019 04:00;2;4;2.06;3.92;3.13;2.08;3.90;3.10;Wzq436Ia;
hpp04n3g;Edmonton Oilers;Colorado Avalanche;15.11.2019 03:00;6;2;2.21;3.96;2.79;2.20;3.95;2.85;hpp04n3g;
x2RGz2Q5;Minnesota Wild;Arizona Coyotes;15.11.2019 02:00;3;2;2.37;3.85;2.63;2.35;3.85;2.68;x2RGz2Q5;-2.5;+2.5;5.21;1.16;5.21;1.16;3.13;1.37;3.13;1.37;1.30;3.58;1.30;3.58;1.13;6.06;1.13;6.06;
4lT8xOeg;Buffalo Sabres;Carolina Hurricanes;15.11.2019 01:00;4;5;2.85;3.91;2.20;2.88;3.94;2.19;4lT8xOeg;-2.5;+2.5;6.25;1.13;6.25;1.13;3.81;1.27;3.81;1.27;1.44;2.77;1.44;2.77;1.22;4.31;1.22;4.31;
z9ke5Smm;Florida Panthers;Winnipeg Jets;15.11.2019 01:00;3;4;1.89;4.16;3.46;1.93;4.10;3.40;z9ke5Smm;
ruSCyrBa;Tampa Bay Lightning;New York Rangers;15.11.2019 01:00;9;3;1.55;4.75;4.80;1.57;4.60;4.90;ruSCyrBa;
nDY3w4tm;Vegas Golden Knights;Chicago Blackhawks;14.11.2019 04:00;3;5;1.68;4.37;4.30;1.70;4.35;4.15;nDY3w4tm;-3.5;+1.5;5.00;1.17;5.00;1.17;2.77;1.45;2.77;1.45;1.95;1.86;1.95;1.86;1.13;6.07;1.13;6.07;
dIji68Yt;Calgary Flames;Dallas Stars;14.11.2019 03:30;1;3;2.15;3.91;2.95;2.20;3.95;2.85;dIji68Yt;-2.5;+2.5;4.45;1.22;4.45;1.21;2.76;1.46;2.76;1.45;1.23;4.10;1.24;4.10;1.10;6.99;1.10;6.99;
8MZavpRt;Philadelphia Flyers;Washington Capitals;14.11.2019 01:30;1;2;2.62;3.94;2.33;2.68;3.90;2.33;8MZavpRt;
QZaLBUAJ;New Jersey Devils;Ottawa Senators;14.11.2019 01:00;2;4;1.85;4.16;3.58;1.85;4.15;3.60;QZaLBUAJ;-3.5;+2.5;7.33;1.10;7.33;1.10;3.23;1.35;3.23;1.35;2.21;1.67;2.21;1.67;1.18;4.95;1.18;4.95;1.08;8.02;1.09;8.02;
vw4PAlQP;New York Islanders;Toronto Maple Leafs;14.11.2019 01:00;5;4;2.45;3.90;2.50;2.40;3.85;2.62;vw4PAlQP;
jsmYrQIP;Los Angeles Kings;Minnesota Wild;13.11.2019 04:30;3;1;2.58;3.89;2.39;2.54;3.90;2.45;jsmYrQIP;-2.5;+2.5;5.56;1.15;5.57;1.15;3.40;1.32;3.40;1.32;1.37;3.09;1.37;3.09;1.18;4.95;1.18;4.96;
OULxmoYI;San Jose Sharks;Edmonton Oilers;13.11.2019 04:30;6;3;2.19;3.96;2.83;2.15;3.95;2.94;OULxmoYI;-2.5;+2.5;4.29;1.22;4.26;1.23;2.76;1.45;2.75;1.45;1.27;3.78;1.27;3.80;1.13;6.19;1.13;6.22;
v7qUq63J;Anaheim Ducks;Detroit Red Wings;13.11.2019 04:00;3;4;1.93;4.05;3.38;1.94;4.10;3.35;v7qUq63J;-2.5;+2.5;7.97;1.08;8.21;1.08;3.63;1.29;3.63;1.29;2.38;1.58;2.38;1.58;1.19;4.75;1.19;4.75;1.08;7.92;1.08;7.92;
pvNYmRIC;Vancouver Canucks;Nashville Predators;13.11.2019 04:00;5;3;2.72;3.91;2.28;2.66;3.90;2.35;pvNYmRIC;-2.5;+2.5;5.87;1.14;5.87;1.14;3.60;1.29;3.60;1.29;1.42;2.89;1.42;2.89;1.20;4.54;1.20;4.54;
zZImyEaJ;St. Louis Blues;Arizona Coyotes;13.11.2019 02:00;2;3;1.97;3.98;3.32;1.94;4.05;3.30;zZImyEaJ;
j38Vl736;Winnipeg Jets;Colorado Avalanche;13.11.2019 02:00;0;4;2.35;3.93;2.61;2.27;3.95;2.74;j38Vl736;-2.5;+2.5;4.74;1.19;4.74;1.19;3.00;1.39;3.00;1.39;1.32;3.41;1.32;3.41;1.15;5.53;1.15;5.53;
S8FuwzV6;Boston Bruins;Florida Panthers;13.11.2019 01:00;4;5;1.99;4.07;3.21;1.97;4.16;3.20;S8FuwzV6;-3.5;+2.5;8.17;1.08;8.17;1.08;3.59;1.30;3.59;1.30;2.41;1.57;2.41;1.57;1.22;4.34;1.22;4.34;1.10;7.04;1.10;7.04;
CC9Rkml0;Montreal Canadiens;Columbus Blue Jackets;13.11.2019 01:00;3;2;1.87;4.12;3.53;1.87;4.18;3.50;CC9Rkml0;-3.5;+2.5;5.95;1.13;5.95;1.13;3.37;1.33;3.37;1.33;2.26;1.64;2.26;1.64;1.18;4.92;1.18;4.92;1.08;8.08;1.08;8.08;
Carolina Hurricanes;4.50;1.20;4.50;Ottawa Senators;-3.5;8;UmKMjTYg;2;UmKMjTYg;12.11.2019 01:00;UmKMjTYg;2.83;1.43;2.83;1.43;1.97;1.84;1.97;1.84;1.13;6.08;1.13;6.08;
lIGyvGF0;Washington Capitals;Arizona Coyotes;12.11.2019 01:00;3;4;1.88;4.12;3.50;1.88;4.12;3.55;lIGyvGF0;-3.5;+2.5;5.85;1.14;5.85;1.14;3.38;1.32;3.38;1.32;2.27;1.63;2.27;1.63;1.18;4.86;1.18;4.86;1.08;7.97;1.08;7.97;
GpGIi9Jm;Anaheim Ducks;Edmonton Oilers;11.11.2019 03:00;2;6;2.28;3.87;2.73;2.26;3.87;2.80;GpGIi9Jm;-2.5;+2.5;4.89;1.18;4.86;1.18;2.98;1.40;2.96;1.40;1.28;3.74;1.27;3.76;1.12;6.33;1.12;6.38;
6gRWvd0f;Boston Bruins;Philadelphia Flyers;11.11.2019 01:00;2;3;1.75;4.25;3.89;1.75;4.25;4.00;6gRWvd0f;-3.5;+1.5;5.00;1.17;5.00;1.17;3.17;1.36;3.16;1.36;2.17;1.69;2.16;1.69;1.17;5.19;1.17;5.18;
MNGEhk4s;Chicago Blackhawks;Toronto Maple Leafs;11.11.2019 01:00;5;4;2.56;3.94;2.38;2.68;4.00;2.30;MNGEhk4s;-2.5;+2.5;5.19;1.17;5.15;1.17;3.29;1.34;3.27;1.34;1.39;3.01;1.39;3.02;1.20;4.67;1.20;4.67;
KEUncVeQ;Vancouver Canucks;New Jersey Devils;10.11.2019 22:00;1;2;1.97;4.05;3.28;1.97;4.06;3.30;KEUncVeQ;-2.5;+2.5;8.17;1.08;8.17;1.08;3.63;1.29;3.63;1.29;2.41;1.57;2.41;1.57;1.21;4.51;1.21;4.51;1.09;7.43;1.09;7.43;
2wzrbBtK;Winnipeg Jets;Dallas Stars;10.11.2019 20:00;3;2;2.36;3.87;2.63;2.37;3.85;2.66;2wzrbBtK;-2.5;+2.5;5.08;1.17;5.08;1.17;3.09;1.37;3.09;1.37;1.30;3.55;1.30;3.55;1.13;5.95;1.13;5.95;
dKycobNQ;San Jose Sharks;Nashville Predators;10.11.2019 04:30;2;1;2.62;3.92;2.34;2.72;4.16;2.22;dKycobNQ;
OnyvaiRD;Calgary Flames;St. Louis Blues;10.11.2019 04:00;2;3;2.06;3.97;3.09;2.08;4.05;3.05;OnyvaiRD;-2.5;+2.5;4.03;1.25;4.03;1.25;2.58;1.50;2.58;1.50;1.22;4.28;1.22;4.28;1.10;7.17;1.10;7.17;
G8Kanv8K;Colorado Avalanche;Columbus Blue Jackets;10.11.2019 03:00;4;2;2.16;3.96;2.90;2.12;4.00;2.97;G8Kanv8K;-2.5;+2.5;4.23;1.23;4.23;1.23;2.71;1.46;2.71;1.46;1.26;3.91;1.26;3.91;1.12;6.47;1.12;6.47;
Arizona Coyotes;8.19;1.08;8.19;Minnesota Wild;-2.5;3;xILemKhE;4;xILemKhE;10.11.2019 02:00;xILemKhE;4.53;1.21;4.53;1.21;2.78;1.45;2.78;1.45;1.23;4.16;1.23;4.16;1.10;7.14;1.10;7.14;
b9qhylZ6;Montreal Canadiens;Los Angeles Kings;10.11.2019 01:00;3;2;1.73;4.30;3.95;1.78;4.25;3.85;b9qhylZ6;
Aqmdz8lD;Ottawa Senators;Carolina Hurricanes;10.11.2019 01:00;4;1;3.42;4.01;1.93;3.60;4.05;1.88;Aqmdz8lD;
ABT9PG07;Pittsburgh Penguins;Chicago Blackhawks;10.11.2019 01:00;3;2;1.77;4.22;3.87;1.77;4.25;3.90;ABT9PG07;-3.5;+1.5;5.50;1.14;5.50;1.14;3.08;1.38;3.08;1.38;2.11;1.73;2.11;1.73;1.15;5.49;1.15;5.49;
GpfmxUJ0;Toronto Maple Leafs;Philadelphia Flyers;10.11.2019 01:00;2;3;1.93;4.11;3.33;1.95;4.10;3.30;GpfmxUJ0;-3.5;+2.5;7.70;1.09;7.70;1.09;3.41;1.32;3.41;1.32;2.32;1.61;2.32;1.61;1.21;4.50;1.21;4.50;1.11;7.26;1.10;7.26;
OEXDOzGD;Washington Capitals;Vegas Golden Knights;10.11.2019 01:00;5;2;2.31;3.95;2.65;2.27;3.93;2.75;OEXDOzGD;
ldu1RxWf;New York Islanders;Florida Panthers;09.11.2019 19:00;2;1;2.41;3.93;2.54;2.28;4.00;2.71;ldu1RxWf;-2.5;+2.5;4.90;1.18;4.90;1.18;3.09;1.37;3.09;1.37;1.34;3.30;1.34;3.30;1.16;5.31;1.16;5.31;
Snv5Qdo1;Tampa Bay Lightning;Buffalo Sabres;09.11.2019 19:00;5;3;1.87;4.08;3.45;1.96;4.10;3.30;Snv5Qdo1;-3.5;+2.5;7.84;1.09;7.84;1.09;3.45;1.31;3.45;1.31;2.34;1.60;2.34;1.60;1.21;4.50;1.21;4.50;1.10;7.30;1.10;7.30;
xfeqwA4f;Edmonton Oilers;New Jersey Devils;09.11.2019 03:00;4;0;2.01;4.03;3.16;1.98;4.05;3.25;xfeqwA4f;-2.5;+2.5;8.08;1.08;8.08;1.08;3.74;1.28;3.74;1.28;2.47;1.54;2.47;1.54;1.22;4.30;1.22;4.30;1.10;7.06;1.10;7.06;
8Kjuvjkl;Winnipeg Jets;Vancouver Canucks;09.11.2019 02:00;4;1;2.30;3.93;2.68;2.30;3.95;2.70;8Kjuvjkl;
KMzcSIGl;Detroit Red Wings;Boston Bruins;09.11.2019 01:30;4;2;4.33;4.21;1.70;4.40;4.50;1.64;KMzcSIGl;-1.5;+3.5;7.57;1.09;7.76;1.09;6.08;1.13;6.08;1.13;1.83;1.97;1.83;1.97;1.44;2.80;1.44;2.80;1.21;4.45;1.21;4.45;
zkaQXvgR;San Jose Sharks;Minnesota Wild;08.11.2019 04:30;6;5;2.08;3.92;3.07;2.08;3.95;3.10;zkaQXvgR;-2.5;+2.5;8.08;1.08;8.08;1.08;4.01;1.25;4.01;1.25;2.60;1.50;2.60;1.50;1.23;4.20;1.23;4.20;1.10;6.95;1.10;6.95;
UTiyuWZs;Calgary Flames;New Jersey Devils;08.11.2019 03:00;5;2;2.04;3.97;3.14;2.05;3.97;3.15;UTiyuWZs;-2.5;+2.5;7.89;1.08;7.89;1.08;3.77;1.27;3.77;1.27;2.50;1.53;2.50;1.53;1.23;4.26;1.23;4.26;1.11;6.93;1.11;6.93;
rssJZ0OE;Colorado Avalanche;Nashville Predators;08.11.2019 03:00;9;4;2.88;3.83;2.21;2.94;3.95;2.15;rssJZ0OE;
lWw7db5F;Chicago Blackhawks;Vancouver Canucks;08.11.2019 02:30;5;2;2.86;3.84;2.22;2.86;3.87;2.22;lWw7db5F;-2.5;+2.5;6.31;1.12;6.31;1.12;3.84;1.26;3.84;1.26;1.44;2.80;1.44;2.80;1.22;4.38;1.22;4.38;
zTZ2cvj9;Ottawa Senators;Los Angeles Kings;08.11.2019 01:30;3;2;2.68;3.86;2.32;2.67;3.87;2.35;zTZ2cvj9;
4jrFzs98;Carolina Hurricanes;New York Rangers;08.11.2019 01:00;2;4;1.59;4.48;4.83;1.63;4.40;4.60;4jrFzs98;-3.5;+2.5;5.00;1.17;5.00;1.17;2.50;1.53;2.50;1.53;1.81;2.00;1.81;2.00;1.11;6.79;1.11;6.79;1.10;7.31;1.10;7.31;
lr0SCwH1;Florida Panthers;Washington Capitals;08.11.2019 01:00;4;5;2.37;3.90;2.59;2.40;3.90;2.60;lr0SCwH1;-2.5;+2.5;4.59;1.20;4.59;1.20;2.99;1.39;2.99;1.39;1.33;3.33;1.33;3.33;1.16;5.22;1.16;5.22;
SYbWBcW7;New York Islanders;Pittsburgh Penguins;08.11.2019 01:00;3;4;2.57;3.82;2.43;2.50;3.85;2.50;SYbWBcW7;
t6zabKz3;Philadelphia Flyers;Montreal Canadiens;08.11.2019 01:00;3;2;2.35;3.88;2.63;2.30;4.00;2.68;t6zabKz3;
2Fyea0Ld;Toronto Maple Leafs;Vegas Golden Knights;08.11.2019 01:00;2;1;2.04;3.99;3.12;2.03;4.00;3.15;2Fyea0Ld;-3.5;+2.5;8.19;1.08;8.19;1.08;3.67;1.28;3.67;1.28;2.48;1.54;2.48;1.54;1.24;4.15;1.24;4.15;1.11;6.65;1.11;6.65;
Edmonton Oilers;4.32;1.22;4.32;St. Louis Blues;-2.5;2;0fqMj8Hd;5;0fqMj8Hd;07.11.2019 02:30;0fqMj8Hd;2.72;1.46;2.72;1.46;1.23;4.17;1.23;4.17;1.10;7.03;1.10;7.03;
New York Rangers;7.50;1.09;7.50;Detroit Red Wings;-3.5;5;fL0ODJ1e;1;fL0ODJ1e;07.11.2019 02:00;fL0ODJ1e;3.86;1.26;3.86;1.26;2.55;1.52;2.55;1.52;1.23;4.18;1.23;4.18;1.11;6.83;1.11;6.83;
bg7FFuXr;Anaheim Ducks;Minnesota Wild;06.11.2019 04:00;2;4;2.23;3.82;2.85;2.20;3.85;2.91;bg7FFuXr;
tIdKEank;San Jose Sharks;Chicago Blackhawks;06.11.2019 04:00;4;2;2.00;4.00;3.23;2.05;4.00;3.05;tIdKEank;-3.5;+2.5;8.22;1.08;8.22;1.08;3.64;1.29;3.64;1.29;2.44;1.56;2.44;1.56;1.22;4.38;1.22;4.38;1.10;7.11;1.10;7.11;
M3pIil2j;Vancouver Canucks;St. Louis Blues;06.11.2019 04:00;1;2;2.26;3.88;2.77;2.27;3.85;2.79;M3pIil2j;-2.5;+2.5;4.50;1.21;4.50;1.21;2.87;1.42;2.87;1.42;1.28;3.69;1.28;3.69;1.13;6.03;1.13;6.03;
MTqnX72G;Dallas Stars;Colorado Avalanche;06.11.2019 02:30;4;1;2.19;3.82;2.92;2.12;3.85;3.05;MTqnX72G;-2.5;+2.5;4.65;1.20;4.65;1.20;2.85;1.43;2.85;1.43;1.24;4.08;1.24;4.08;1.10;6.99;1.10;6.99;
0W0ZaCfA;Montreal Canadiens;Boston Bruins;06.11.2019 01:30;5;4;2.59;3.84;2.40;2.62;3.85;2.40;0W0ZaCfA;-2.5;+2.5;5.54;1.15;5.54;1.15;3.41;1.32;3.41;1.32;1.37;3.09;1.37;3.09;1.18;4.93;1.18;4.93;
8d4sbjPM;Toronto Maple Leafs;Los Angeles Kings;06.11.2019 01:30;3;1;1.67;4.34;4.34;1.68;4.30;4.35;8d4sbjPM;-3.5;+1.5;4.90;1.18;4.90;1.18;2.68;1.47;2.68;1.47;1.92;1.88;1.92;1.88;1.13;6.03;1.13;6.03;
E3prYmmA;Columbus Blue Jackets;Vegas Golden Knights;06.11.2019 01:00;1;2;2.97;3.88;2.15;3.00;3.85;2.15;E3prYmmA;
U55waW9G;New York Islanders;Ottawa Senators;06.11.2019 01:00;4;1;1.63;4.35;4.68;1.63;4.35;4.65;U55waW9G;
zDovZTX3;Philadelphia Flyers;Carolina Hurricanes;06.11.2019 01:00;4;1;2.43;3.87;2.54;2.61;3.87;2.40;zDovZTX3;
Mu2V0hu4;Edmonton Oilers;Arizona Coyotes;05.11.2019 03:00;2;3;2.45;3.78;2.56;2.48;3.88;2.52;Mu2V0hu4;-2.5;+2.5;5.48;1.15;5.48;1.15;3.27;1.34;3.27;1.34;1.31;3.45;1.31;3.45;1.14;5.80;1.14;5.80;
hldZZ9Ic;Detroit Red Wings;Nashville Predators;05.11.2019 01:30;1;6;4.00;4.05;1.79;3.65;4.40;1.80;hldZZ9Ic;-1.5;+3.5;8.21;1.08;8.21;1.08;5.63;1.15;5.63;1.15;1.73;2.11;1.73;2.11;1.38;3.05;1.38;3.05;1.12;6.20;1.12;6.20;
vohVzj3i;Boston Bruins;Pittsburgh Penguins;05.11.2019 01:00;6;4;2.02;3.97;3.20;2.01;3.95;3.25;vohVzj3i;-2.5;+2.5;8.23;1.08;8.19;1.08;3.75;1.28;3.75;1.28;2.48;1.54;2.48;1.54;1.22;4.36;1.22;4.36;1.10;7.15;1.10;7.15;
vHCQ1YPc;New York Rangers;Ottawa Senators;05.11.2019 01:00;2;6;1.99;4.01;3.24;1.98;4.00;3.25;vHCQ1YPc;-3.5;+2.5;5.85;1.13;5.85;1.13;3.58;1.30;3.58;1.30;2.42;1.57;2.42;1.57;1.22;4.38;1.22;4.38;1.10;7.08;1.10;7.08;
Qs4mC6Qj;Anaheim Ducks;Chicago Blackhawks;04.11.2019 02:00;2;3;2.14;3.87;2.99;2.06;3.95;3.15;Qs4mC6Qj;
tWgN2EAi;Washington Capitals;Calgary Flames;04.11.2019 01:00;4;2;1.94;4.03;3.37;1.95;4.05;3.40;tWgN2EAi;-3.5;+2.5;6.00;1.13;6.00;1.13;3.47;1.31;3.47;1.31;2.35;1.60;2.35;1.60;1.20;4.61;1.20;4.61;1.09;7.48;1.09;7.48;
MZ4eghKB;Los Angeles Kings;Chicago Blackhawks;03.11.2019 03:30;4;3;2.22;3.88;2.83;2.20;3.90;2.88;MZ4eghKB;-2.5;+2.5;4.39;1.22;4.39;1.22;2.81;1.44;2.81;1.44;1.27;3.79;1.27;3.79;1.13;6.23;1.13;6.23;
ni5qDnBp;San Jose Sharks;Vancouver Canucks;03.11.2019 03:00;2;5;2.10;3.94;3.03;2.12;3.90;2.79;ni5qDnBp;-2.5;+2.5;3.60;1.29;3.60;1.29;2.59;1.50;2.59;1.50;1.24;4.07;1.24;4.09;1.11;6.63;1.11;6.66;
SC5ifY45;Arizona Coyotes;Colorado Avalanche;03.11.2019 02:00;3;0;2.06;3.92;3.12;2.10;3.92;3.05;SC5ifY45;-2.5;+2.5;3.98;1.25;3.98;1.25;2.57;1.51;2.57;1.51;1.22;4.30;1.22;4.30;1.10;7.15;1.10;7.15;
lM6meEka;Minnesota Wild;St. Louis Blues;03.11.2019 01:00;3;4;2.19;3.83;2.91;2.21;3.80;2.92;lM6meEka;-2.5;+2.5;4.62;1.20;4.62;1.20;2.84;1.43;2.84;1.43;1.24;4.05;1.24;4.05;1.11;6.91;1.11;6.91;
M9L4KUIA;Boston Bruins;Ottawa Senators;03.11.2019 00:00;5;2;1.43;4.99;6.35;1.43;5.00;6.30;M9L4KUIA;-4.5;+1.5;7.69;1.09;7.67;1.09;3.50;1.30;3.50;1.30;2.14;1.71;2.13;1.71;1.58;2.37;1.58;2.38;1.08;8.21;1.08;8.21;
bXDzbG5t;Buffalo Sabres;New York Islanders;03.11.2019 00:00;0;1;2.35;3.82;2.67;2.35;3.87;2.67;bXDzbG5t;-2.5;+2.5;5.00;1.18;5.00;1.18;3.07;1.38;3.07;1.38;1.29;3.61;1.29;3.61;1.13;6.03;1.13;6.03;
WpCrdfzg;Carolina Hurricanes;New Jersey Devils;03.11.2019 00:00;3;5;1.82;4.13;3.77;1.82;4.20;3.35;WpCrdfzg;-3.5;+2.5;6.00;1.13;6.00;1.13;3.16;1.36;3.11;1.37;2.16;1.69;2.15;1.70;1.16;5.29;1.16;5.25;1.08;7.93;1.08;7.93;
S6OCI8mN;Columbus Blue Jackets;Calgary Flames;03.11.2019 00:00;0;3;2.87;3.86;2.21;2.66;3.90;2.20;S6OCI8mN;
voWaLA34;Dallas Stars;Montreal Canadiens;03.11.2019 00:00;4;1;2.36;3.83;2.64;2.34;3.85;2.50;voWaLA34;-2.5;+2.5;4.94;1.18;4.94;1.18;3.06;1.38;3.06;1.38;1.30;3.53;1.30;3.52;1.14;5.82;1.14;5.81;
hfDvczLn;Florida Panthers;Detroit Red Wings;03.11.2019 00:00;4;0;1.61;4.45;4.72;1.55;4.50;4.55;hfDvczLn;-3.5;+2.5;4.25;1.22;4.25;1.22;2.53;1.51;2.53;1.52;1.83;1.97;1.83;1.98;1.11;6.59;1.11;6.59;1.08;8.15;1.08;8.15;
YqP8JlYG;Philadelphia Flyers;Toronto Maple Leafs;03.11.2019 00:00;3;4;2.83;3.90;2.22;2.74;3.90;2.15;YqP8JlYG;-2.5;+2.5;5.86;1.14;5.97;1.13;3.69;1.28;3.76;1.27;1.46;2.74;1.47;2.69;1.24;4.12;1.24;4.04;
MBM82dcP;Nashville Predators;New York Rangers;02.11.2019 19:00;1;2;1.63;4.39;4.60;1.62;4.50;4.55;MBM82dcP;
0fXeMjlb;Pittsburgh Penguins;Edmonton Oilers;02.11.2019 18:00;1;2;1.82;4.12;3.76;1.82;4.10;3.80;0fXeMjlb;-3.5;+2.5;7.13;1.10;7.12;1.10;3.17;1.36;3.17;1.36;2.17;1.69;2.17;1.69;1.17;5.28;1.17;5.26;1.08;7.99;1.08;7.99;
WKSiNWYi;San Jose Sharks;Winnipeg Jets;02.11.2019 03:30;2;3;2.04;3.98;3.13;2.00;4.20;3.10;WKSiNWYi;-2.5;+2.5;3.74;1.28;3.74;1.28;2.50;1.53;2.50;1.53;1.23;4.21;1.23;4.21;1.11;6.81;1.11;6.81;
hUTmOCJo;Anaheim Ducks;Vancouver Canucks;02.11.2019 03:00;2;1;2.49;3.81;2.50;2.46;3.82;2.56;hUTmOCJo;
K6rQwDKO;Colorado Avalanche;Dallas Stars;02.11.2019 02:00;1;2;2.14;3.86;3.00;2.12;3.90;3.05;K6rQwDKO;-2.5;+2.5;4.36;1.22;4.38;1.22;2.73;1.46;2.74;1.46;1.23;4.16;1.24;4.14;1.10;7.03;1.10;7.00;
tGqMvg5I;St. Louis Blues;Columbus Blue Jackets;02.11.2019 01:00;4;3;1.93;3.99;3.44;1.96;3.95;3.40;tGqMvg5I;
YkpIuZkC;Carolina Hurricanes;Detroit Red Wings;02.11.2019 00:30;7;3;1.62;4.37;4.73;1.62;4.35;4.75;YkpIuZkC;-3.5;+1.5;5.00;1.16;6.00;1.13;2.70;1.47;2.70;1.47;1.88;1.92;1.88;1.92;1.11;6.86;1.11;6.86;
bXi5ry6g;New Jersey Devils;Philadelphia Flyers;02.11.2019 00:00;3;4;2.40;3.88;2.57;2.33;3.87;2.70;bXi5ry6g;-2.5;+2.5;4.79;1.19;4.79;1.19;3.06;1.38;3.06;1.38;1.33;3.33;1.33;3.33;1.16;5.30;1.16;5.30;
Czd9seLa;New York Islanders;Tampa Bay Lightning;02.11.2019 00:00;5;2;2.64;3.85;2.36;2.75;3.85;2.30;Czd9seLa;
faoEtFz6;Washington Capitals;Buffalo Sabres;02.11.2019 00:00;6;1;1.84;4.10;3.67;1.84;4.07;3.70;faoEtFz6;
Vegas Golden Knights;5.00;1.17;5.00;Montreal Canadiens;-3.5;4;jPk5aTto;5;jPk5aTto;01.11.2019 03:00;jPk5aTto;2.77;1.45;2.77;1.45;1.95;1.85;1.95;1.85;1.13;6.14;1.13;6.14;1.08;7.99;1.08;7.99;
E3bw49YT;Nashville Predators;Calgary Flames;01.11.2019 01:00;5;6;1.98;3.97;3.31;1.99;4.25;3.10;E3bw49YT;
KtaZ4kJN;Los Angeles Kings;Vancouver Canucks;31.10.2019 03:30;3;5;2.63;3.84;2.37;2.60;3.85;2.42;KtaZ4kJN;
tj0V5V3H;Arizona Coyotes;Montreal Canadiens;31.10.2019 03:00;1;4;2.24;3.87;2.81;2.28;4.00;2.71;tj0V5V3H;
4Ah1qHjm;Colorado Avalanche;Florida Panthers;31.10.2019 03:00;3;4;2.16;3.92;2.91;2.20;3.90;2.88;4Ah1qHjm;
QJgcpcys;St. Louis Blues;Minnesota Wild;31.10.2019 01:00;2;1;1.91;3.97;3.52;1.90;4.00;3.55;QJgcpcys;-2.5;+2.5;3.71;1.28;3.71;1.28;2.38;1.58;2.38;1.58;1.17;5.10;1.17;5.10;1.08;8.18;1.08;8.17;
ETTY6BlB;Columbus Blue Jackets;Edmonton Oilers;31.10.2019 00:30;1;4;2.00;3.93;3.01;2.06;4.00;3.10;ETTY6BlB;-2.5;+2.5;3.93;1.26;3.93;1.26;2.56;1.51;2.56;1.51;1.24;4.14;1.24;4.14;1.11;6.84;1.11;6.84;
A9zT1P6E;New Jersey Devils;Tampa Bay Lightning;31.10.2019 00:00;6;7;2.75;3.87;2.27;2.80;3.90;2.25;A9zT1P6E;-2.5;+2.5;5.77;1.14;5.77;1.14;3.60;1.29;3.60;1.29;1.43;2.85;1.43;2.85;1.22;4.37;1.22;4.37;
zwVU7iZ4;Anaheim Ducks;Winnipeg Jets;30.10.2019 03:00;7;4;2.46;3.81;2.54;2.43;3.85;2.58;zwVU7iZ4;-2.5;+2.5;5.33;1.16;5.33;1.16;3.24;1.35;3.24;1.35;1.32;3.38;1.32;3.38;1.15;5.61;1.15;5.61;
WIyP25i8;Dallas Stars;Minnesota Wild;30.10.2019 01:30;6;3;2.03;3.86;3.24;2.08;3.87;3.15;WIyP25i8;-2.5;+2.5;4.23;1.23;4.23;1.23;2.61;1.49;2.61;1.49;1.19;4.70;1.19;4.70;8.13;1.08;8.13;
Nashville Predators;5.40;1.15;5.40;Chicago Blackhawks;-3.5;3;IFmsvME7;0;IFmsvME7;30.10.2019 01:00;IFmsvME7;3.10;1.37;3.10;1.37;2.11;1.73;2.11;1.73;1.16;5.35;1.16;5.35;1.08;8.18;1.08;8.18;
x6uZurpe;New York Rangers;Tampa Bay Lightning;30.10.2019 00:30;4;1;4.19;4.13;1.74;4.00;4.30;1.74;x6uZurpe;-1.5;+3.5;8.17;1.08;8.17;1.08;5.82;1.14;5.82;1.14;1.80;2.01;1.80;2.01;1.43;2.84;1.43;2.84;1.13;6.00;1.13;6.00;
bFtVtOUl;Boston Bruins;San Jose Sharks;30.10.2019 00:00;5;1;1.77;4.17;3.97;1.72;4.35;4.05;bFtVtOUl;-3.5;+2.5;6.00;1.13;6.00;1.13;3.06;1.38;3.06;1.38;2.10;1.74;2.10;1.74;1.15;5.64;1.15;5.64;1.09;7.52;1.09;7.52;
SCRM9D4h;Carolina Hurricanes;Calgary Flames;30.10.2019 00:00;2;1;2.07;3.93;3.10;2.10;3.95;3.05;SCRM9D4h;-2.5;+2.5;3.96;1.25;3.96;1.25;2.58;1.51;2.58;1.51;1.23;4.25;1.23;4.25;1.10;7.03;1.10;7.03;
KUUwu2a1;Pittsburgh Penguins;Philadelphia Flyers;30.10.2019 00:00;7;1;2.18;3.91;2.88;2.13;4.05;2.93;KUUwu2a1;-2.5;+2.5;8.16;1.08;8.16;1.08;4.20;1.23;4.20;1.23;2.73;1.46;2.73;1.46;1.27;3.84;1.27;3.84;1.12;6.24;1.12;6.24;
plxIAgkn;Toronto Maple Leafs;Washington Capitals;30.10.2019 00:00;3;4;2.18;3.93;2.87;2.20;3.93;2.86;plxIAgkn;
6cwEBZZu;Vancouver Canucks;Florida Panthers;29.10.2019 03:00;7;2;2.18;3.91;2.88;2.20;4.00;2.83;6cwEBZZu;
UuxRs4Fr;Buffalo Sabres;Arizona Coyotes;29.10.2019 00:00;2;3;2.34;3.81;2.68;2.40;3.85;2.62;UuxRs4Fr;-2.5;+2.5;5.02;1.17;5.02;1.17;3.07;1.38;3.07;1.38;1.29;3.63;1.29;3.63;1.13;6.08;1.13;6.08;
SWkanp7R;Vegas Golden Knights;Anaheim Ducks;28.10.2019 01:00;5;2;1.66;4.29;4.53;1.65;4.65;4.20;SWkanp7R;-3.5;+2.5;5.05;1.18;5.05;1.18;2.84;1.43;2.84;1.43;1.95;1.85;1.95;1.85;1.11;6.60;1.11;6.60;1.08;8.16;1.08;8.16;
xrcnknN8;Chicago Blackhawks;Los Angeles Kings;28.10.2019 00:00;5;1;2.20;3.89;2.86;2.23;4.08;2.74;xrcnknN8;-3.5;+2.5;7.73;1.09;7.73;1.09;4.30;1.22;4.30;1.22;2.77;1.45;2.77;1.45;1.27;3.82;1.27;3.82;1.12;6.25;1.12;6.25;
W4djl6xF;New York Islanders;Philadelphia Flyers;28.10.2019 00:00;5;3;2.42;3.81;2.58;2.28;4.06;2.68;W4djl6xF;-2.5;+2.5;5.24;1.16;5.24;1.16;3.19;1.36;3.19;1.36;1.31;3.45;1.31;3.45;1.14;5.74;1.14;5.74;
p80fmQiL;New York Rangers;Boston Bruins;28.10.2019 00:00;4;7;3.31;3.90;2.00;3.15;4.10;2.02;p80fmQiL;
fPd8jj4U;Ottawa Senators;San Jose Sharks;28.10.2019 00:00;5;2;3.20;3.92;2.03;3.15;4.35;1.96;fPd8jj4U;
bibrjS72;Detroit Red Wings;St. Louis Blues;27.10.2019 22:00;4;5;3.09;3.85;2.10;3.00;4.00;2.10;bibrjS72;-2.5;+2.5;7.09;1.10;7.09;1.10;4.26;1.23;4.26;1.23;1.49;2.63;1.49;2.63;1.24;4.10;1.24;4.10;
GYc4iWlO;Edmonton Oilers;Florida Panthers;27.10.2019 21:00;2;6;2.56;3.85;2.42;2.49;3.90;2.50;GYc4iWlO;-2.5;+2.5;5.36;1.16;5.36;1.16;3.34;1.33;3.34;1.33;1.37;3.11;1.37;3.11;1.18;4.93;1.18;4.93;
Y98ahCZH;Winnipeg Jets;Calgary Flames;27.10.2019 03:00;2;1;2.83;3.85;2.23;2.83;3.90;2.23;Y98ahCZH;6.19;1.13;6.19;1.13;3.78;1.27;3.78;1.27;1.43;2.82;1.43;2.82;1.21;4.40;1.21;4.40;
bah7RrV1;Colorado Avalanche;Anaheim Ducks;27.10.2019 02:00;2;5;2.02;3.94;3.22;1.97;4.15;3.25;bah7RrV1;-2.5;+2.5;7.95;1.08;7.95;1.08;3.87;1.26;3.87;1.26;2.51;1.53;2.51;1.53;1.21;4.47;1.21;4.46;1.09;7.45;1.09;7.44;
Dallas Stars;3.00;1.39;4.92;Pittsburgh Penguins;4.92;0;QofaT40k;3;QofaT40k;27.10.2019 02:00;QofaT40k;3.00;1.39;1.27;3.80;1.27;3.80;1.12;6.45;1.12;6.45;
K8g3SOFe;Minnesota Wild;Los Angeles Kings;27.10.2019 02:00;5;1;2.17;3.87;2.92;2.20;3.87;2.90;K8g3SOFe;
ShFigw2L;Boston Bruins;St. Louis Blues;27.10.2019 01:00;3;0;1.95;3.94;3.41;1.96;3.95;3.35;ShFigw2L;
CrjeUpoq;Montreal Canadiens;Toronto Maple Leafs;27.10.2019 01:00;5;2;2.17;3.95;2.88;2.10;3.95;2.99;CrjeUpoq;-2.5;+2.5;4.01;1.25;4.01;1.25;2.67;1.48;2.67;1.48;1.27;3.77;1.27;3.77;1.13;5.99;1.13;5.99;
by6NmHPr;Philadelphia Flyers;Columbus Blue Jackets;27.10.2019 01:00;7;4;2.03;3.96;3.18;2.00;4.15;3.15;by6NmHPr;-2.5;+2.5;3.79;1.27;3.79;1.27;2.50;1.53;2.50;1.53;1.22;4.35;1.22;4.35;1.10;7.15;1.10;7.15;
dSJehcHR;Tampa Bay Lightning;Nashville Predators;27.10.2019 01:00;2;3;1.95;4.00;3.09;1.95;4.10;3.30;dSJehcHR;
l2GmfJnF;Carolina Hurricanes;Chicago Blackhawks;26.10.2019 19:00;4;0;1.80;4.17;3.80;1.83;4.15;3.70;l2GmfJnF;-3.5;+2.5;6.73;1.11;6.73;1.11;3.04;1.38;3.04;1.38;2.12;1.72;2.12;1.72;1.16;5.26;1.16;5.26;1.08;8.02;1.08;8.03;
Vancouver Canucks;4.91;1.18;4.91;Washington Capitals;-2.5;5;61DSYQxS;6;61DSYQxS;26.10.2019 04:00;61DSYQxS;3.10;1.37;3.10;1.37;1.33;3.33;1.33;3.33;1.16;5.35;1.16;5.35;
6wRreaX8;Detroit Red Wings;Buffalo Sabres;26.10.2019 01:30;0;2;2.52;3.84;2.46;2.62;3.90;2.38;6wRreaX8;
SAEOZ6NL;Ottawa Senators;New York Islanders;26.10.2019 01:30;2;4;2.72;3.81;2.32;2.75;4.00;2.25;SAEOZ6NL;
hzNvduI2;New Jersey Devils;Arizona Coyotes;26.10.2019 01:00;3;5;2.35;3.83;2.66;2.35;3.85;2.68;hzNvduI2;-2.5;+2.5;4.93;1.18;4.93;1.18;3.05;1.38;3.05;1.38;1.30;3.56;1.30;3.56;1.14;5.90;1.14;5.90;
byAKzm8F;Toronto Maple Leafs;San Jose Sharks;26.10.2019 01:00;4;1;1.85;4.13;3.63;1.84;4.20;3.55;byAKzm8F;-3.5;+2.5;6.90;1.11;6.90;1.11;3.13;1.37;3.13;1.37;2.18;1.68;2.18;1.68;1.18;4.96;1.18;4.96;1.08;7.92;1.08;7.92;
vXYdXeu2;Vegas Golden Knights;Colorado Avalanche;26.10.2019 00:00;1;6;1.97;4.01;3.30;1.97;4.00;3.35;vXYdXeu2;
xMLBx9w3;Calgary Flames;Florida Panthers;25.10.2019 03:00;6;5;2.14;3.92;2.95;2.20;3.80;2.94;xMLBx9w3;-2.5;+2.5;4.09;1.24;4.09;1.24;2.67;1.48;2.67;1.48;1.25;3.95;1.25;3.95;1.12;6.45;1.12;6.45;
KpBGyTh9;Edmonton Oilers;Washington Capitals;25.10.2019 03:00;4;3;2.77;3.85;2.27;2.91;3.85;2.20;KpBGyTh9;-2.5;+2.5;5.98;1.13;5.98;1.13;3.68;1.28;3.68;1.28;1.42;2.87;1.42;2.87;1.21;4.47;1.21;4.47;
0tzgYyQe;Dallas Stars;Anaheim Ducks;25.10.2019 02:30;2;1;2.08;3.85;3.15;2.11;3.88;3.05;0tzgYyQe;-2.5;+2.5;4.35;1.22;4.35;1.22;2.67;1.48;2.68;1.47;1.21;4.52;1.21;4.52;1.09;7.81;1.09;7.81;
Chicago Blackhawks;5.00;1.18;5.00;Philadelphia Flyers;-2.5;1;YJ3dZHAk;4;YJ3dZHAk;25.10.2019 02:30;YJ3dZHAk;3.16;1.36;3.16;1.36;1.35;3.25;1.35;3.25;1.17;5.16;1.17;5.16;
fT4hzbeq;Nashville Predators;Minnesota Wild;25.10.2019 02:00;4;0;1.91;4.02;3.50;1.93;4.00;3.45;fT4hzbeq;-3.5;+2.5;7.99;1.08;7.99;1.08;3.49;1.31;3.49;1.31;2.33;1.61;2.33;1.61;1.18;4.90;1.18;4.90;1.08;8.09;1.08;8.09;
2XtPiQQG;St. Louis Blues;Los Angeles Kings;25.10.2019 02:00;5;2;1.90;4.02;3.54;1.92;4.00;3.50;2XtPiQQG;-3.5;+2.5;7.49;1.13;7.49;1.13;3.50;1.31;3.50;1.31;2.32;1.61;2.32;1.61;1.18;5.01;1.18;5.01;1.08;8.22;1.08;8.22;
Columbus Blue Jackets;6.00;1.13;6.00;Carolina Hurricanes;-2.5;4;lUxLh6BA;3;lUxLh6BA;25.10.2019 01:00;lUxLh6BA;3.66;1.29;3.66;1.29;1.41;2.92;1.41;2.92;1.20;4.62;1.20;4.62;
QoI7wkOd;Montreal Canadiens;San Jose Sharks;25.10.2019 01:00;2;4;2.15;3.94;2.92;2.17;3.92;2.92;QoI7wkOd;-2.5;+2.5;3.99;1.25;3.99;1.25;2.65;1.48;2.65;1.48;1.26;3.86;1.26;3.86;1.13;6.18;1.13;6.18;
SElCfStb;New York Islanders;Arizona Coyotes;25.10.2019 01:00;4;2;2.42;3.77;2.60;2.35;3.80;2.71;SElCfStb;-2.5;+2.5;5.47;1.15;5.47;1.15;3.25;1.34;3.25;1.34;1.30;3.56;1.30;3.56;1.13;6.06;1.13;6.06;
65mGgnd4;New York Rangers;Buffalo Sabres;25.10.2019 01:00;6;2;2.71;3.85;2.31;2.67;3.87;2.35;65mGgnd4;-2.5;+2.5;5.80;1.14;5.80;1.14;3.57;1.30;3.57;1.30;1.41;2.94;1.41;2.94;1.20;4.60;1.20;4.60;
bup8e8Ri;Tampa Bay Lightning;Pittsburgh Penguins;24.10.2019 02:00;3;2;1.67;4.37;4.35;1.70;4.35;4.15;bup8e8Ri;-3.5;+2.5;5.66;1.15;5.66;1.15;2.65;1.48;2.65;1.48;1.91;1.89;1.91;1.89;1.13;6.02;1.13;6.02;1.09;7.70;1.09;7.70;
CrUPE5od;Ottawa Senators;Detroit Red Wings;24.10.2019 01:30;5;2;2.18;3.89;2.90;2.25;3.90;2.80;CrUPE5od;-2.5;+2.5;4.27;1.23;4.27;1.22;2.74;1.46;2.74;1.45;1.26;3.91;1.26;3.91;1.12;6.43;1.12;6.43;
YiVLFoWk;Calgary Flames;Washington Capitals;23.10.2019 03:00;3;5;2.35;3.87;2.64;2.36;3.89;2.65;YiVLFoWk;-2.5;+2.5;4.71;1.19;4.71;1.19;3.00;1.39;3.00;1.39;1.31;3.46;1.31;3.46;1.15;5.60;1.15;5.60;
Klo4dlCo;Chicago Blackhawks;Vegas Golden Knights;23.10.2019 02:30;1;2;2.65;3.87;2.34;2.67;3.88;2.35;Klo4dlCo;-2.5;+2.5;5.53;1.15;5.53;1.15;3.46;1.31;3.46;1.31;1.40;2.96;1.40;2.96;1.20;4.59;1.20;4.59;
E7lkL78S;Minnesota Wild;Edmonton Oilers;23.10.2019 02:00;3;0;2.31;3.84;2.72;2.26;3.87;2.80;E7lkL78S;-2.5;+2.5;4.80;1.19;4.80;1.19;2.98;1.40;2.98;1.40;1.29;3.66;1.29;3.66;1.12;6.09;1.13;6.09;
Iq7LX4Zp;Nashville Predators;Anaheim Ducks;23.10.2019 02:00;6;1;2.05;3.88;3.17;2.02;3.93;3.25;Iq7LX4Zp;
GGzHGRGq;Winnipeg Jets;Los Angeles Kings;23.10.2019 02:00;2;3;2.08;3.94;3.06;2.10;3.95;3.05;GGzHGRGq;-3.5;+2.5;8.04;1.08;8.04;1.08;3.93;1.26;3.93;1.26;2.58;1.51;2.58;1.51;1.24;4.14;1.24;4.14;1.11;6.78;1.11;6.78;
KpkoMmgM;Detroit Red Wings;Vancouver Canucks;23.10.2019 01:30;2;5;2.57;3.82;2.43;2.62;3.85;2.40;KpkoMmgM;-2.5;+2.5;5.55;1.15;5.55;1.15;3.39;1.32;3.39;1.32;1.36;3.16;1.36;3.16;1.17;5.10;1.17;5.10;
6sosNTwG;Boston Bruins;Toronto Maple Leafs;23.10.2019 01:00;4;2;1.85;4.10;3.65;1.89;4.10;3.50;6sosNTwG;
AwIov7dH;Buffalo Sabres;San Jose Sharks;23.10.2019 01:00;4;3;2.43;3.87;2.54;2.45;3.85;2.56;AwIov7dH;
lUGkwRBN;Florida Panthers;Pittsburgh Penguins;23.10.2019 01:00;4;2;2.17;3.91;2.90;2.07;4.10;3.00;lUGkwRBN;-2.5;+2.5;4.20;1.23;4.20;1.23;2.72;1.46;2.72;1.46;1.26;3.89;1.26;3.89;1.12;6.36;1.12;6.36;
riGgxoRT;New York Rangers;Arizona Coyotes;23.10.2019 01:00;2;3;2.66;3.82;2.35;2.66;3.84;2.37;riGgxoRT;-2.5;+2.5;5.84;1.14;5.84;1.14;3.55;1.30;3.55;1.30;1.38;3.04;1.38;3.04;1.18;4.87;1.18;4.87;
OIexO9O9;Dallas Stars;Ottawa Senators;22.10.2019 02:30;2;1;1.77;4.16;3.97;1.75;4.35;3.90;OIexO9O9;
h2NtumsB;St. Louis Blues;Colorado Avalanche;22.10.2019 02:00;3;1;2.16;3.89;2.93;2.23;3.88;2.84;h2NtumsB;
EBOxtTR4;Philadelphia Flyers;Vegas Golden Knights;22.10.2019 01:00;6;2;2.57;3.86;2.41;2.52;3.90;2.47;EBOxtTR4;-2.5;+2.5;5.36;1.16;5.36;1.16;3.34;1.33;3.34;1.33;1.37;3.09;1.37;3.09;1.18;4.88;1.18;4.88;
pSdYOk93;Toronto Maple Leafs;Columbus Blue Jackets;22.10.2019 01:00;3;4;1.83;4.14;3.71;1.83;4.20;3.65;pSdYOk93;-3.5;+2.5;5.70;1.13;5.70;1.13;3.11;1.37;3.11;1.37;2.16;1.70;2.16;1.70;1.17;5.10;1.17;5.10;1.08;8.17;1.08;8.17;
jirVPVgc;Anaheim Ducks;Calgary Flames;21.10.2019 03:00;1;2;2.15;3.88;2.95;2.18;3.95;2.89;jirVPVgc;-2.5;+2.5;4.32;1.22;4.32;1.22;2.74;1.46;2.74;1.46;1.24;4.05;1.24;4.05;1.11;6.77;1.11;6.77;
KlPYt9Cb;Chicago Blackhawks;Washington Capitals;21.10.2019 01:00;3;5;2.92;3.87;2.17;2.93;3.87;2.18;KlPYt9Cb;-2.5;+2.5;6.30;1.12;6.30;1.12;3.89;1.26;3.89;1.26;1.47;2.70;1.47;2.70;1.24;4.13;1.24;4.13;
C0qRQBvi;Winnipeg Jets;Edmonton Oilers;21.10.2019 01:00;1;0;2.20;3.92;2.84;2.25;4.00;2.75;C0qRQBvi;-2.5;+2.5;4.20;1.23;4.20;1.23;2.75;1.45;2.75;1.45;1.28;3.75;1.28;3.75;1.13;6.05;1.13;6.05;
8SIpIJzi;Minnesota Wild;Montreal Canadiens;20.10.2019 23:00;4;3;2.27;3.85;2.76;2.42;3.95;2.55;8SIpIJzi;-2.5;+2.5;4.64;1.20;4.65;1.20;2.92;1.41;2.93;1.41;1.28;3.72;1.28;3.68;1.13;6.15;1.13;6.07;
fPEtJaLp;New York Rangers;Vancouver Canucks;20.10.2019 19:00;2;3;2.40;3.86;2.58;2.33;3.90;2.68;fPEtJaLp;-2.5;+2.5;4.89;1.18;4.89;1.18;3.09;1.37;3.09;1.37;1.33;3.37;1.33;3.37;1.15;5.43;1.15;5.43;
6oLUskch;San Jose Sharks;Buffalo Sabres;20.10.2019 04:30;3;4;1.92;4.04;3.44;1.92;4.05;3.45;6oLUskch;
xpSENuDT;Los Angeles Kings;Calgary Flames;20.10.2019 04:00;4;1;3.17;3.89;2.06;3.05;3.87;2.10;xpSENuDT;-2.5;+2.5;7.08;1.10;7.08;1.10;4.32;1.22;4.32;1.22;1.52;2.54;1.52;2.54;1.26;3.86;1.26;3.86;
OMVPrVsn;Nashville Predators;Florida Panthers;20.10.2019 02:00;2;3;1.96;4.01;3.33;1.94;4.05;3.40;OMVPrVsn;-3.5;+2.5;8.02;1.08;8.02;1.08;3.55;1.30;3.55;1.30;2.38;1.58;2.38;1.58;1.20;4.56;1.20;4.56;1.09;7.44;1.09;7.44;
tIY5P1rH;Arizona Coyotes;Ottawa Senators;20.10.2019 01:00;5;2;1.72;4.22;4.20;1.73;4.20;4.15;tIY5P1rH;-3.5;+2.5;6.63;1.11;6.63;1.11;2.95;1.40;2.95;1.40;2.03;1.79;2.03;1.79;1.13;6.02;1.13;6.02;1.08;7.87;1.08;7.87;
pWWLqBSu;Columbus Blue Jackets;New York Islanders;20.10.2019 01:00;2;3;2.42;3.79;2.59;2.38;3.80;2.67;pWWLqBSu;-2.5;+2.5;5.28;1.16;5.36;1.16;3.18;1.36;3.22;1.35;1.30;3.49;1.31;3.49;1.13;5.95;1.14;5.87;
GGdCP7sO;Philadelphia Flyers;Dallas Stars;20.10.2019 01:00;1;4;2.03;3.90;3.23;2.02;3.90;3.25;GGdCP7sO;-2.5;+2.5;4.03;1.25;4.03;1.25;2.56;1.51;2.56;1.51;1.20;4.57;1.20;4.57;1.09;7.75;1.09;7.75;
f7eGORdU;Pittsburgh Penguins;Vegas Golden Knights;20.10.2019 01:00;0;3;2.75;3.87;2.27;2.81;3.87;2.25;f7eGORdU;
Yi77QmSH;Tampa Bay Lightning;Colorado Avalanche;20.10.2019 01:00;2;6;1.79;4.18;3.82;1.78;4.20;3.85;Yi77QmSH;-3.5;+2.5;6.62;1.11;6.62;1.11;3.01;1.39;3.01;1.39;2.11;1.73;2.11;1.73;1.16;5.27;1.16;5.27;1.08;8.19;1.08;8.19;
bgTAOLcN;Toronto Maple Leafs;Boston Bruins;20.10.2019 01:00;4;3;2.36;3.87;2.62;2.32;3.88;2.71;bgTAOLcN;-2.5;+2.5;4.72;1.19;4.72;1.19;3.01;1.39;3.01;1.39;1.32;3.43;1.32;3.43;1.15;5.53;1.15;5.53;
2RZ1QsTA;St. Louis Blues;Montreal Canadiens;19.10.2019 21:00;2;5;2.12;3.92;2.99;2.10;3.90;3.05;2RZ1QsTA;-2.5;+2.5;4.08;1.24;4.08;1.24;2.65;1.48;2.65;1.48;1.25;4.03;1.25;4.03;1.11;6.61;1.11;6.62;
84zbRND4;New Jersey Devils;Vancouver Canucks;19.10.2019 19:00;1;0;2.23;3.88;2.82;2.22;3.83;2.88;84zbRND4;-2.5;+2.5;4.44;1.21;4.44;1.21;2.83;1.43;2.83;1.43;1.27;3.77;1.27;3.77;1.13;6.20;1.13;6.20;
Kl33RTCB;Anaheim Ducks;Carolina Hurricanes;19.10.2019 04:00;4;2;2.71;3.80;2.33;2.73;3.80;2.33;Kl33RTCB;
dUWgS3bb;Edmonton Oilers;Detroit Red Wings;19.10.2019 03:00;2;1;1.81;4.15;3.79;1.76;4.20;3.95;dUWgS3bb;-3.5;+2.5;5.70;1.14;5.70;1.14;3.10;1.37;3.10;1.37;2.14;1.71;2.14;1.71;1.16;5.28;1.16;5.28;1.08;8.21;1.08;8.21;
QR3aS9c5;Chicago Blackhawks;Columbus Blue Jackets;19.10.2019 02:30;3;2;2.15;3.91;2.94;2.14;3.93;2.97;QR3aS9c5;
j9BnVBDn;Florida Panthers;Colorado Avalanche;19.10.2019 01:00;4;5;2.24;3.90;2.78;2.16;3.92;2.94;j9BnVBDn;-2.5;+2.5;4.34;1.22;4.34;1.22;2.82;1.44;2.82;1.44;1.29;3.66;1.29;3.66;1.14;5.90;1.14;5.90;
Pittsburgh Penguins;4.19;1.23;4.19;Dallas Stars;-2.5;4;UaAjUVSh;2;UaAjUVSh;19.10.2019 01:00;UaAjUVSh;2.65;1.48;2.65;1.48;1.22;4.28;1.22;4.28;1.10;7.22;1.10;7.22;
ny5eTkra;Washington Capitals;New York Rangers;19.10.2019 01:00;5;2;1.67;4.40;4.21;1.68;4.40;4.25;ny5eTkra;-3.5;+2.5;5.40;1.15;5.40;1.15;2.87;1.42;2.87;1.42;2.01;1.80;2.01;1.80;1.14;5.86;1.14;5.86;1.08;8.23;1.08;8.23;
dnCrWibt;Los Angeles Kings;Buffalo Sabres;18.10.2019 04:30;0;3;2.29;3.69;2.84;2.31;3.75;2.79;dnCrWibt;-2.5;+2.5;4.55;1.20;4.55;1.20;2.90;1.41;2.90;1.41;1.28;3.79;1.27;3.79;1.13;6.20;1.13;6.20;
zq6HzYkP;Arizona Coyotes;Nashville Predators;18.10.2019 04:00;5;2;2.68;3.63;2.42;2.73;3.70;2.37;zq6HzYkP;-2.5;+2.5;5.82;1.14;5.82;1.14;3.55;1.30;3.55;1.30;1.37;3.13;1.37;3.13;1.17;5.03;1.17;5.03;
E5skTqqh;Vegas Golden Knights;Ottawa Senators;18.10.2019 04:00;3;2;1.52;4.51;5.63;1.52;4.78;5.20;E5skTqqh;-4.5;+1.5;7.91;1.08;7.91;1.08;3.80;1.26;3.80;1.26;2.27;1.64;2.27;1.64;1.69;2.17;1.69;2.17;1.08;7.91;1.09;7.91;
zFroUPTo;Calgary Flames;Detroit Red Wings;18.10.2019 03:00;5;1;1.70;4.11;4.47;1.70;4.30;4.20;zFroUPTo;-3.5;+1.5;5.20;1.16;5.20;1.16;2.81;1.44;2.81;1.44;1.97;1.83;1.97;1.83;1.13;6.31;1.12;6.31;
AZRZM8MI;St. Louis Blues;Vancouver Canucks;18.10.2019 02:00;3;4;1.83;3.91;3.93;1.82;3.95;3.90;AZRZM8MI;-3.5;+1.5;6.50;1.11;6.50;1.11;3.29;1.34;3.29;1.34;2.21;1.67;2.21;1.67;1.15;5.64;1.15;5.64;
nak35tio;Winnipeg Jets;New York Islanders;18.10.2019 02:00;1;3;2.16;3.80;3.00;2.16;3.90;2.90;nak35tio;-2.5;+2.5;4.21;1.23;4.21;1.23;2.71;1.47;2.71;1.47;1.24;4.06;1.24;4.06;1.11;6.72;1.11;6.72;
fmTUCUcI;Boston Bruins;Tampa Bay Lightning;18.10.2019 01:00;3;4;2.46;3.66;2.61;2.37;3.80;2.68;fmTUCUcI;-2.5;+2.5;5.04;1.17;5.04;1.17;3.17;1.36;3.17;1.36;1.32;3.42;1.32;3.42;1.15;5.51;1.15;5.51;
SAxVNl7C;Montreal Canadiens;Minnesota Wild;18.10.2019 01:00;4;0;1.96;3.83;3.50;1.99;3.86;3.25;SAxVNl7C;-3.5;+2.5;6.00;1.13;6.00;1.13;3.58;1.30;3.58;1.30;2.39;1.58;2.39;1.58;1.18;4.86;1.18;4.86;1.08;7.96;1.08;7.96;
YwSYBlDO;New Jersey Devils;New York Rangers;18.10.2019 01:00;5;2;2.30;3.71;2.80;2.35;3.90;2.66;YwSYBlDO;-2.5;+2.5;4.46;1.21;4.46;1.21;2.89;1.42;2.89;1.42;1.28;3.68;1.28;3.68;1.14;5.91;1.14;5.91;
QDOQDArC;San Jose Sharks;Carolina Hurricanes;17.10.2019 04:30;5;2;2.19;3.75;2.96;2.23;3.80;2.89;QDOQDArC;-2.5;+2.5;4.12;1.24;4.12;1.24;2.72;1.46;2.72;1.46;1.26;3.92;1.26;3.92;1.12;6.31;1.12;6.31;
nNPMEjT5;Anaheim Ducks;Buffalo Sabres;17.10.2019 04:00;5;2;2.26;3.63;2.91;2.25;3.85;2.82;nNPMEjT5;
E7YQOUi6;Edmonton Oilers;Philadelphia Flyers;17.10.2019 03:30;6;3;2.27;3.71;2.85;2.28;3.90;2.75;E7YQOUi6;-2.5;+2.5;4.45;1.21;4.45;1.21;2.87;1.42;2.87;1.42;1.27;3.78;1.27;3.78;1.13;6.13;1.13;6.13;
4bzIFWDa;Columbus Blue Jackets;Dallas Stars;17.10.2019 01:00;3;2;2.55;3.58;2.55;2.69;3.60;2.45;4bzIFWDa;
jeWDGCbg;Pittsburgh Penguins;Colorado Avalanche;17.10.2019 01:00;3;2;2.50;3.71;2.54;2.52;3.80;2.53;jeWDGCbg;-2.5;+2.5;4.95;1.18;4.95;1.18;3.19;1.36;3.19;1.36;1.35;3.24;1.35;3.24;1.17;5.04;1.17;5.04;
KpZMPAx0;Washington Capitals;Toronto Maple Leafs;17.10.2019 01:00;4;3;2.32;3.74;2.76;2.32;3.85;2.72;KpZMPAx0;-2.5;+2.5;4.38;1.22;4.38;1.22;2.88;1.42;2.88;1.42;1.30;3.58;1.30;3.58;1.15;5.65;1.15;5.65;
Los Angeles Kings;8.03;1.08;8.03;Carolina Hurricanes;-2.5;0;dYW9Hhqm;2;dYW9Hhqm;16.10.2019 04:30;dYW9Hhqm;4.78;1.19;4.78;1.19;1.50;2.58;1.50;2.58;1.24;4.04;1.24;4.04;1.08;8.13;1.08;8.13;
Vancouver Canucks;4.44;1.21;4.44;Detroit Red Wings;-2.5;5;tfzJQjNg;1;tfzJQjNg;16.10.2019 04:00;tfzJQjNg;2.78;1.45;2.78;1.45;1.22;4.30;1.22;4.30;1.10;7.26;1.10;7.26;
Vegas Golden Knights;4.00;1.25;4.00;Nashville Predators;-2.5;2;IsY5IYTt;5;IsY5IYTt;16.10.2019 04:00;IsY5IYTt;2.94;1.41;2.94;1.41;1.25;4.00;1.25;4.00;1.11;6.74;1.11;6.74;
0rJLRW7m;Calgary Flames;Philadelphia Flyers;16.10.2019 03:00;3;1;2.11;3.95;3.01;2.12;3.90;3.05;0rJLRW7m;-2.5;+2.5;4.38;1.22;4.38;1.22;2.76;1.45;2.76;1.45;1.22;4.32;1.22;4.32;1.10;7.27;1.10;7.27;
MiKHSChs;Winnipeg Jets;Arizona Coyotes;16.10.2019 02:00;2;4;2.25;3.88;2.78;2.22;3.87;2.86;MiKHSChs;
4CXkXhpQ;Montreal Canadiens;Tampa Bay Lightning;16.10.2019 01:00;1;3;2.85;3.89;2.20;2.85;3.90;2.22;4CXkXhpQ;
j9ToYYUJ;Toronto Maple Leafs;Minnesota Wild;16.10.2019 01:00;4;2;1.69;4.29;4.28;1.68;4.30;4.35;j9ToYYUJ;
l4k39khJ;Chicago Blackhawks;Edmonton Oilers;15.10.2019 02:30;3;1;2.40;3.90;2.56;2.38;4.10;2.54;l4k39khJ;
EDTpNELP;Washington Capitals;Colorado Avalanche;14.10.2019 23:00;3;6;2.16;3.92;2.94;2.17;3.90;2.89;EDTpNELP;-2.5;+2.5;4.00;1.25;4.00;1.25;2.84;1.43;2.84;1.43;1.23;4.19;1.23;4.22;1.10;7.15;1.10;7.15;
zNUtOf6J;Buffalo Sabres;Dallas Stars;14.10.2019 21:00;4;0;2.62;3.79;2.40;2.56;3.80;2.47;zNUtOf6J;-2.5;+2.5;5.00;1.17;5.00;1.17;3.79;1.27;3.79;1.27;1.32;3.38;1.32;3.39;1.14;5.83;1.14;5.85;
Qimj1Xb6;Boston Bruins;Anaheim Ducks;14.10.2019 19:00;4;2;1.74;4.13;4.17;1.78;4.10;3.95;Qimj1Xb6;-3.5;+1.5;6.00;1.13;6.00;1.13;3.60;1.29;3.60;1.29;2.23;1.66;2.23;1.66;1.11;6.63;1.11;6.63;
8Gxe0iEC;New Jersey Devils;Florida Panthers;14.10.2019 19:00;4;6;2.57;3.86;2.41;2.53;3.85;2.48;8Gxe0iEC;-2.5;+2.5;4.70;1.19;4.70;1.19;3.55;1.30;3.55;1.30;1.34;3.30;1.34;3.30;1.19;4.71;1.19;4.71;
MJtaaBTI;New York Islanders;St. Louis Blues;14.10.2019 19:00;3;2;2.88;3.80;2.21;2.79;3.80;2.29;MJtaaBTI;-2.5;+2.5;7.49;1.09;7.49;1.09;4.28;1.22;4.26;1.22;1.38;3.05;1.38;3.05;1.18;4.80;1.18;4.80;
ADjaAVxD;Ottawa Senators;Minnesota Wild;14.10.2019 19:00;0;2;2.70;3.87;2.31;2.96;3.85;2.17;ADjaAVxD;
n1ln2Dq0;Los Angeles Kings;Vegas Golden Knights;14.10.2019 04:00;2;5;3.22;3.92;2.02;3.05;3.95;2.10;n1ln2Dq0;-2.5;+2.5;7.81;1.09;7.81;1.09;4.67;1.20;4.67;1.20;1.50;2.60;1.50;2.60;1.24;4.05;1.24;4.05;
tvneBBN6;San Jose Sharks;Calgary Flames;14.10.2019 04:00;3;1;2.27;3.91;2.74;2.26;3.90;2.78;tvneBBN6;-2.5;+2.5;4.82;1.19;4.82;1.19;3.00;1.39;3.00;1.39;1.27;3.81;1.27;3.81;1.12;6.33;1.12;6.33;
2mmiCi80;Winnipeg Jets;Pittsburgh Penguins;14.10.2019 01:00;2;7;2.33;3.91;2.63;2.30;3.80;2.78;2mmiCi80;-2.5;+2.5;4.40;1.22;4.40;1.22;3.09;1.37;3.09;1.37;1.29;3.60;1.29;3.60;1.14;5.90;1.14;5.90;
Vancouver Canucks;5.53;1.15;5.53;Philadelphia Flyers;-2.5;3;MwuqEDwl;2;MwuqEDwl;13.10.2019 04:00;MwuqEDwl;3.32;1.33;3.32;1.33;1.30;3.53;1.30;3.53;1.14;5.91;1.14;5.91;
KOcnDXhf;Vegas Golden Knights;Calgary Flames;13.10.2019 04:00;6;2;2.04;3.98;3.15;2.15;3.95;2.94;KOcnDXhf;
IRqr3gUg;Colorado Avalanche;Arizona Coyotes;13.10.2019 03:00;3;2;2.04;3.95;3.15;2.10;3.90;3.05;IRqr3gUg;
EcFuhIhp;Minnesota Wild;Pittsburgh Penguins;13.10.2019 02:30;4;7;2.31;3.84;2.71;2.30;4.00;2.68;EcFuhIhp;
vyov4ZEm;Dallas Stars;Washington Capitals;13.10.2019 02:00;1;4;2.34;3.83;2.67;2.40;3.82;2.63;vyov4ZEm;-2.5;+2.5;5.57;1.15;5.57;1.15;3.26;1.34;3.26;1.34;1.26;3.86;1.26;3.86;1.11;6.68;1.11;6.68;
8E1KnNG4;Boston Bruins;New Jersey Devils;13.10.2019 01:00;3;0;1.76;4.17;3.99;1.77;4.15;3.95;8E1KnNG4;-3.5;+1.5;6.95;1.10;6.95;1.10;3.38;1.32;3.38;1.32;2.21;1.67;2.21;1.67;1.13;6.11;1.13;6.11;
dCeZ4Fas;Carolina Hurricanes;Columbus Blue Jackets;13.10.2019 01:00;2;3;1.74;4.21;4.05;1.76;4.17;4.00;dCeZ4Fas;-3.5;+2.5;6.64;1.11;6.64;1.11;3.26;1.34;3.26;1.34;2.16;1.69;2.16;1.69;1.13;6.15;1.13;6.15;1.08;8.10;1.08;8.10;
SGuuFgOs;Detroit Red Wings;Toronto Maple Leafs;13.10.2019 01:00;2;5;3.80;4.07;1.82;3.60;4.05;1.87;SGuuFgOs;-2.5;+3.5;7.73;1.09;7.73;1.09;5.55;1.15;5.55;1.15;1.65;2.23;1.65;2.23;1.37;3.10;1.37;3.10;1.12;6.50;1.12;6.50;
8Wb8KF0K;Chicago Blackhawks;Winnipeg Jets;13.10.2019 01:00;2;3;2.20;3.95;2.83;2.20;4.10;2.78;8Wb8KF0K;-2.5;+2.5;4.50;1.21;4.50;1.21;2.86;1.42;2.86;1.42;1.26;3.93;1.26;3.93;1.12;6.46;1.12;6.46;
Q7gDJZFQ;Montreal Canadiens;St. Louis Blues;13.10.2019 01:00;6;3;2.57;3.83;2.42;2.69;3.83;2.35;Q7gDJZFQ;-2.5;+2.5;6.16;1.13;6.16;1.13;3.62;1.29;3.62;1.29;1.33;3.36;1.33;3.36;1.14;5.67;1.14;5.67;
dISDdbpT;Los Angeles Kings;Nashville Predators;13.10.2019 00:00;7;4;3.24;3.92;2.00;3.30;4.20;1.94;dISDdbpT;-1.5;+3.5;8.09;1.08;8.09;1.08;4.98;1.18;4.98;1.18;1.52;2.54;1.52;2.54;1.25;3.99;1.25;3.99;1.08;8.19;1.08;8.19;
Uu04LeoE;Ottawa Senators;Tampa Bay Lightning;12.10.2019 22:00;4;2;4.71;4.29;1.64;4.75;4.35;1.62;Uu04LeoE;-2.5;+4.5;7.81;1.09;7.81;1.09;6.89;1.11;6.90;1.11;1.87;1.93;1.88;1.92;1.46;2.72;1.47;2.70;1.17;5.17;1.17;5.12;1.08;8.10;1.08;8.10;
GxCMdC8D;New York Rangers;Edmonton Oilers;12.10.2019 19:00;1;4;2.26;3.90;2.75;2.18;4.00;2.86;GxCMdC8D;-2.5;+2.5;4.40;1.21;4.40;1.21;3.02;1.39;3.02;1.39;1.26;3.86;1.26;3.86;1.13;6.46;1.12;6.46;
htU1NNF8;Carolina Hurricanes;New York Islanders;12.10.2019 01:30;5;2;1.90;4.02;3.51;1.90;4.00;3.55;htU1NNF8;-3.5;+2.5;8.10;1.08;8.10;1.08;3.89;1.26;3.89;1.26;2.46;1.55;2.46;1.55;1.16;5.34;1.16;5.34;1.08;8.15;1.08;8.15;
z5aHFBd2;Buffalo Sabres;Florida Panthers;12.10.2019 01:00;3;2;2.79;3.88;2.25;2.68;4.00;2.30;z5aHFBd2;-2.5;+2.5;6.51;1.12;6.59;1.11;3.91;1.26;3.96;1.25;1.40;2.97;1.41;2.93;1.19;4.77;1.20;4.67;
Arizona Coyotes;6.46;1.12;6.46;Vegas Golden Knights;-2.5;4;dE0DGisd;1;dE0DGisd;11.10.2019 04:00;dE0DGisd;3.81;1.27;3.81;1.27;1.35;3.21;1.35;3.21;1.23;4.15;1.23;4.15;
2i19HXRk;Colorado Avalanche;Boston Bruins;11.10.2019 03:00;4;2;2.43;3.83;2.56;2.53;3.80;2.50;2i19HXRk;
v3u3vaOp;Chicago Blackhawks;San Jose Sharks;11.10.2019 02:30;4;5;2.52;3.91;2.43;2.42;3.90;2.57;v3u3vaOp;-2.5;+2.5;4.50;1.20;4.50;1.20;3.39;1.32;3.39;1.32;1.35;3.24;1.35;3.24;1.17;5.18;1.17;5.18;
llc5IDCq;Nashville Predators;Washington Capitals;11.10.2019 02:00;6;5;2.14;3.91;2.95;2.17;3.90;2.93;llc5IDCq;-2.5;+2.5;4.63;1.20;4.63;1.20;2.85;1.43;2.85;1.43;1.22;4.28;1.22;4.28;1.10;7.31;1.10;7.31;
rkuJOGTL;Winnipeg Jets;Minnesota Wild;11.10.2019 02:00;5;2;2.38;3.85;2.61;2.35;3.85;2.68;rkuJOGTL;
KAIDbYw1;Ottawa Senators;St. Louis Blues;11.10.2019 01:30;4;6;3.79;4.00;1.84;3.85;4.10;1.80;KAIDbYw1;-1.5;+3.5;7.83;1.09;7.83;1.09;5.72;1.14;5.73;1.14;1.61;2.31;1.61;2.31;1.30;3.54;1.30;3.54;1.10;7.24;1.10;7.24;
QXIqix8j;Montreal Canadiens;Detroit Red Wings;11.10.2019 01:00;2;4;1.79;4.16;3.87;1.83;4.30;3.60;QXIqix8j;
tKJ9aEOf;New Jersey Devils;Edmonton Oilers;11.10.2019 01:00;3;4;2.29;3.89;2.71;2.28;3.90;2.75;tKJ9aEOf;
r7KxNg4S;Pittsburgh Penguins;Anaheim Ducks;11.10.2019 01:00;2;1;2.11;3.90;3.02;2.15;3.90;2.97;r7KxNg4S;-2.5;+2.5;4.62;1.20;4.62;1.20;2.82;1.43;2.82;1.43;1.21;4.45;1.21;4.45;1.09;7.67;1.09;7.67;
YgK50f9l;Toronto Maple Leafs;Tampa Bay Lightning;11.10.2019 01:00;3;7;2.40;3.91;2.55;2.40;3.95;2.61;YgK50f9l;-2.5;+2.5;5.10;1.17;5.10;1.17;3.19;1.36;3.19;1.37;1.31;3.46;1.31;3.46;1.15;5.61;1.15;5.61;
h0n6RIq3;Vancouver Canucks;Los Angeles Kings;10.10.2019 04:00;8;2;2.00;3.94;3.27;2.00;3.96;3.25;h0n6RIq3;-2.5;+2.5;4.29;1.22;4.29;1.22;2.64;1.48;2.64;1.48;1.20;4.20;1.20;4.20;1.08;8.21;1.08;8.21;
ALhmBcaM;Philadelphia Flyers;New Jersey Devils;10.10.2019 01:30;4;0;2.26;3.89;2.75;2.27;3.88;2.78;ALhmBcaM;-2.5;+2.5;4.97;1.18;4.97;1.18;3.04;1.38;3.04;1.38;1.26;3.89;1.26;3.89;1.12;6.56;1.12;6.56;
f3L11zfr;Buffalo Sabres;Montreal Canadiens;10.10.2019 01:00;5;4;2.42;3.86;2.55;2.40;3.85;2.62;f3L11zfr;-2.5;+2.5;5.52;1.15;5.52;1.15;3.32;1.33;3.32;1.33;1.30;3.54;1.30;3.54;1.13;5.93;1.13;5.93;
4GLYNZlM;Vegas Golden Knights;Boston Bruins;09.10.2019 04:00;3;4;2.22;3.86;2.84;2.20;3.75;2.97;4GLYNZlM;-2.5;+2.5;5.08;1.17;5.08;1.17;3.03;1.39;3.03;1.39;1.23;4.15;1.23;4.15;1.10;7.19;1.10;7.19;
lMrZ5GoR;Calgary Flames;Los Angeles Kings;09.10.2019 03:00;3;4;1.69;4.27;4.33;1.69;4.40;4.20;lMrZ5GoR;
Au7VOFZF;Nashville Predators;San Jose Sharks;09.10.2019 02:00;5;2;1.92;4.05;3.43;1.90;4.10;3.45;Au7VOFZF;-3.5;+2.5;7.77;1.09;7.77;1.09;3.79;1.27;3.79;1.27;2.45;1.55;2.45;1.55;1.22;4.35;1.22;4.35;1.08;8.23;1.08;8.23;
Wl8RPeK9;Detroit Red Wings;Anaheim Ducks;09.10.2019 01:30;1;3;2.65;3.80;2.37;2.61;3.80;2.43;Wl8RPeK9;-2.5;+2.5;5.20;1.16;5.20;1.16;3.82;1.27;3.82;1.27;1.33;3.31;1.33;3.31;1.14;5.67;1.14;5.67;
zNEIRHkc;Florida Panthers;Carolina Hurricanes;09.10.2019 01:00;3;6;2.34;3.88;2.65;2.30;3.85;2.75;zNEIRHkc;-2.5;+2.5;5.21;1.17;5.21;1.17;3.16;1.36;3.16;1.36;1.28;3.71;1.28;3.71;1.12;6.24;1.12;6.24;
tduR7xHE;New York Islanders;Edmonton Oilers;09.10.2019 01:00;2;5;1.98;3.98;3.30;1.96;4.00;3.35;tduR7xHE;-2.5;+2.5;4.13;1.23;4.13;1.23;2.58;1.51;2.58;1.51;1.18;4.93;1.18;4.93;1.09;7.75;1.09;7.75;
zJvV6dWK;Pittsburgh Penguins;Winnipeg Jets;09.10.2019 01:00;1;4;1.95;4.06;3.33;1.98;4.05;3.25;zJvV6dWK;-3.5;+2.5;7.56;1.09;7.56;1.09;3.74;1.28;3.74;1.28;2.46;1.55;2.46;1.55;1.19;4.81;1.19;4.81;1.08;7.95;1.08;7.95;
lQIMQy53;Washington Capitals;Dallas Stars;09.10.2019 01:00;3;4;2.06;3.89;3.14;2.10;3.85;3.10;lQIMQy53;
MJQz3YCd;Columbus Blue Jackets;Buffalo Sabres;08.10.2019 01:00;4;3;2.45;3.84;2.53;2.34;4.15;2.56;MJQz3YCd;-2.5;+2.5;4.50;1.20;4.50;1.20;3.41;1.32;3.41;1.32;1.30;3.54;1.30;3.54;1.13;5.99;1.13;5.99;
25tN8I18;Toronto Maple Leafs;St. Louis Blues;08.10.2019 01:00;2;3;2.16;3.91;2.93;2.05;4.10;3.05;25tN8I18;
Sxyc0to4;Detroit Red Wings;Dallas Stars;07.10.2019 01:00;4;3;3.38;3.89;1.98;3.10;4.05;2.05;Sxyc0to4;-1.5;+2.5;7.93;1.08;7.93;1.08;5.13;1.17;5.13;1.17;1.50;2.59;1.50;2.59;1.23;4.17;1.23;4.17;
QmcvpZO7;New York Islanders;Winnipeg Jets;07.10.2019 01:00;4;1;2.12;3.93;3.00;2.15;3.95;2.94;QmcvpZO7;-2.5;+2.5;4.50;1.20;4.50;1.20;2.78;1.44;2.78;1.44;1.22;4.32;1.22;4.32;1.10;7.33;1.10;7.33;
rTRW3Ecj;Carolina Hurricanes;Tampa Bay Lightning;06.10.2019 23:00;4;3;2.62;3.87;2.37;2.68;3.80;2.37;rTRW3Ecj;-2.5;+2.5;6.06;1.13;6.06;1.13;3.64;1.29;3.64;1.29;1.35;3.20;1.35;3.20;1.19;4.70;1.19;4.70;
hzaWoefe;Anaheim Ducks;San Jose Sharks;06.10.2019 04:00;3;1;2.40;3.83;2.60;2.44;3.85;2.57;hzaWoefe;
Calgary Flames;7.06;1.10;7.06;Vancouver Canucks;-3.5;3;tSaSp1oH;0;tSaSp1oH;06.10.2019 04:00;tSaSp1oH;3.44;1.31;3.44;1.31;2.25;1.64;2.25;1.64;1.14;5.84;1.14;5.84;
ncbzoF91;Edmonton Oilers;Los Angeles Kings;06.10.2019 04:00;6;5;2.06;3.92;3.14;2.11;3.90;3.05;ncbzoF91;
jw7Fm31b;Arizona Coyotes;Boston Bruins;06.10.2019 03:00;0;1;3.09;3.83;2.11;3.00;3.85;2.15;jw7Fm31b;-2.5;+2.5;8.03;1.08;8.03;1.08;4.62;1.20;4.62;1.20;1.43;2.83;1.43;2.83;1.19;4.68;1.19;4.68;
QiXR4frp;Colorado Avalanche;Minnesota Wild;06.10.2019 03:00;4;2;1.85;4.30;3.44;1.86;4.27;3.50;QiXR4frp;
Oro09zzT;Nashville Predators;Detroit Red Wings;06.10.2019 02:00;3;5;1.62;4.38;4.71;1.63;4.35;4.65;Oro09zzT;-3.5;+1.5;5.94;1.13;5.94;1.13;2.93;1.41;2.93;1.41;1.97;1.83;1.97;1.83;1.16;5.20;1.16;5.20;
ULodAGKM;St. Louis Blues;Dallas Stars;06.10.2019 02:00;3;2;2.09;3.88;3.10;2.18;3.85;2.94;ULodAGKM;
n50OosWA;Buffalo Sabres;New Jersey Devils;06.10.2019 01:00;7;2;2.37;3.84;2.63;2.40;3.85;2.62;n50OosWA;-2.5;+2.5;4.50;1.20;5.88;1.14;3.27;1.34;3.27;1.34;1.28;3.76;1.28;3.75;1.12;6.43;1.12;6.42;
IRT9cvVM;Florida Panthers;Tampa Bay Lightning;06.10.2019 01:00;4;3;2.83;3.89;2.22;2.72;3.90;2.30;IRT9cvVM;
Ottawa Senators;6.69;1.12;6.69;New York Rangers;-2.5;1;dIlqCwpG;4;dIlqCwpG;06.10.2019 01:00;dIlqCwpG;4.01;1.25;4.01;1.25;1.41;2.91;1.41;2.91;1.20;4.64;1.20;4.64;
Pittsburgh Penguins;7.36;1.10;7.36;Columbus Blue Jackets;-3.5;7;IorhBd5G;2;IorhBd5G;06.10.2019 01:00;IorhBd5G;3.60;1.30;3.60;1.29;2.34;1.60;2.35;1.60;1.15;5.39;1.16;5.39;1.08;7.90;1.08;7.90;
t0eSnyuk;Toronto Maple Leafs;Montreal Canadiens;06.10.2019 01:00;5;6;1.95;3.98;3.34;2.00;4.00;3.25;t0eSnyuk;
EFzFPdEF;Washington Capitals;Carolina Hurricanes;06.10.2019 01:00;2;3;2.34;3.86;2.66;2.42;3.80;2.62;EFzFPdEF;-2.5;+2.5;4.60;1.20;4.60;1.20;3.18;1.35;3.18;1.36;1.28;3.76;1.27;3.76;1.12;6.37;1.12;6.37;
San Jose Sharks;6.14;1.13;6.14;Vegas Golden Knights;-2.5;1;6ivJ5yNq;5;6ivJ5yNq;05.10.2019 04:30;6ivJ5yNq;3.68;1.28;3.69;1.28;1.36;3.15;1.36;3.15;1.17;5.14;1.17;5.14;
WAsl22Gi;Columbus Blue Jackets;Toronto Maple Leafs;05.10.2019 01:00;1;4;3.29;3.95;1.99;3.30;3.95;2.00;WAsl22Gi;
6TeWEu0c;New Jersey Devils;Winnipeg Jets;05.10.2019 01:00;4;5;2.11;3.95;2.99;2.04;4.00;3.15;6TeWEu0c;
z30zEaF3;New York Islanders;Washington Capitals;05.10.2019 01:00;1;2;2.33;3.84;2.68;2.37;3.85;2.66;z30zEaF3;
Philadelphia Flyers;5.05;1.17;5.05;Chicago Blackhawks;-2.5;4;zNhmCxjA;3;zNhmCxjA;04.10.2019 20:00;zNhmCxjA;3.11;1.37;3.11;1.37;1.28;3.71;1.28;3.71;1.13;6.17;1.13;6.17;
Cn8Blqnh;Anaheim Ducks;Arizona Coyotes;04.10.2019 04:00;2;1;2.38;3.80;2.64;2.47;3.90;2.52;Cn8Blqnh;-2.5;+2.5;5.00;1.17;5.00;1.17;3.36;1.33;3.36;1.33;1.26;3.84;1.27;3.84;1.11;6.72;1.12;6.72;
hKrp3r1o;Colorado Avalanche;Calgary Flames;04.10.2019 03:00;5;3;2.25;3.90;2.76;2.32;3.90;2.70;hKrp3r1o;-2.5;+2.5;4.89;1.18;4.89;1.18;3.01;1.39;3.01;1.39;1.27;3.90;1.26;3.90;1.12;6.55;1.12;6.53;
Dallas Stars;6.30;1.12;6.30;Boston Bruins;-2.5;1;EZWh1MVc;2;EZWh1MVc;04.10.2019 02:30;EZWh1MVc;3.63;1.29;3.63;1.29;1.30;3.51;1.30;3.51;1.16;5.20;1.16;5.20;
SxcSFLpi;Nashville Predators;Minnesota Wild;04.10.2019 02:00;5;2;1.92;3.98;3.51;1.93;3.90;3.55;SxcSFLpi;
xfgyquGT;Carolina Hurricanes;Montreal Canadiens;04.10.2019 01:00;4;3;1.99;3.98;3.26;2.02;4.00;3.20;xfgyquGT;-2.5;+2.5;4.13;1.24;4.22;1.23;2.60;1.50;2.64;1.49;1.19;4.84;1.19;4.73;1.08;8.08;1.08;8.08;
EgavDJU9;New York Rangers;Winnipeg Jets;04.10.2019 01:00;6;4;2.31;3.88;2.69;2.32;3.90;2.70;EgavDJU9;-2.5;+2.5;4.60;1.20;4.60;1.20;3.12;1.37;3.12;1.37;1.27;3.79;1.27;3.79;1.12;6.40;1.12;6.40;
4rhiAHES;Pittsburgh Penguins;Buffalo Sabres;04.10.2019 01:00;1;3;1.84;4.11;3.67;1.80;4.25;3.75;4rhiAHES;-3.5;+2.5;7.22;1.10;7.22;1.10;3.53;1.30;3.53;1.30;2.32;1.61;2.32;1.61;1.15;5.51;1.15;5.51;1.08;8.13;1.08;8.13;
QgfK3Fid;Tampa Bay Lightning;Florida Panthers;04.10.2019 01:00;5;2;1.87;4.10;3.56;1.83;4.25;3.60;QgfK3Fid;-3.5;+2.5;7.25;1.10;7.25;1.10;3.57;1.30;3.57;1.30;2.35;1.59;2.35;1.59;1.16;5.26;1.16;5.26;1.09;7.51;1.09;7.51;
zPyBQxa9;Vegas Golden Knights;San Jose Sharks;03.10.2019 04:30;4;1;1.88;4.06;3.56;1.90;4.10;3.45;zPyBQxa9;-3.5;+2.5;7.33;1.10;7.33;1.10;3.60;1.29;3.60;1.29;2.37;1.59;2.37;1.59;1.16;5.25;1.16;5.25;1.08;8.20;1.08;8.20;
0jZ4bKFG;Edmonton Oilers;Vancouver Canucks;03.10.2019 04:00;3;2;2.23;3.87;2.83;2.24;3.90;2.81;0jZ4bKFG;
n3eG4exj;St. Louis Blues;Washington Capitals;03.10.2019 02:00;2;3;2.04;3.94;3.17;2.05;4.10;3.05;n3eG4exj;-2.5;+2.5;4.34;1.22;4.34;1.22;2.69;1.47;2.69;1.47;1.19;4.71;1.19;4.71;1.08;8.09;1.08;8.08;
vcr2SbUd;Toronto Maple Leafs;Ottawa Senators;03.10.2019 01:00;5;3;1.51;4.71;5.48;1.50;4.90;5.30;vcr2SbUd;-4.5;+1.5;7.74;1.09;7.58;1.09;4.00;1.25;4.00;1.25;2.45;1.55;2.41;1.57;1.75;2.08;1.73;2.10;1.08;8.21;1.08;8.21;
hO2ryF9B;Vegas Golden Knights;San Jose Sharks;30.09.2019 02:00;5;1;1.98;3.69;3.29;2.12;3.85;2.81;hO2ryF9B;-2.5;+1.5;3.93;1.21;4.01;1.20;2.52;1.46;2.56;1.45;1.15;4.72;1.16;4.62;
xO2MQAqa;Minnesota Wild;Winnipeg Jets;29.09.2019 20:00;4;5;2.25;3.80;2.56;2.35;3.80;2.51;xO2MQAqa;-2.5;+2.5;5.15;1.13;5.15;1.13;3.14;1.31;3.14;1.31;1.24;3.66;1.24;3.66;1.12;5.45;1.12;5.45;
U9TCjf9b;Carolina Hurricanes;Washington Capitals;29.09.2019 19:30;3;4;2.30;3.56;2.71;2.17;3.90;2.70;U9TCjf9b;
p4AD9ciA;Anaheim Ducks;Arizona Coyotes;29.09.2019 04:00;2;1;2.27;3.60;2.73;2.27;3.65;2.64;p4AD9ciA;
Calgary Flames;3.48;1.26;3.48;Edmonton Oilers;-2.5;3;WKd4yScH;2;WKd4yScH;29.09.2019 03:00;WKd4yScH;2.29;1.55;2.29;1.55;1.12;5.30;1.12;5.30;
KrYSc0hb;Montreal Canadiens;Ottawa Senators;29.09.2019 01:00;4;3;1.92;3.74;3.44;1.91;3.80;3.25;KrYSc0hb;-2.5;+1.5;3.73;1.23;3.73;1.23;2.42;1.50;2.42;1.50;1.14;4.95;1.14;4.95;
rgV4hGvn;New York Islanders;New York Rangers;29.09.2019 01:00;4;2;2.01;3.63;3.24;2.15;3.85;2.72;rgV4hGvn;-2.5;+2.5;4.13;1.19;4.13;1.19;2.60;1.44;2.60;1.44;1.15;4.69;1.15;4.69;1.14;4.91;1.14;4.91;
6cVWDCrd;Tampa Bay Lightning;Florida Panthers;29.09.2019 01:00;0;1;2.05;3.68;3.10;2.03;3.70;3.05;6cVWDCrd;-2.5;+1.5;4.02;1.20;4.02;1.20;2.60;1.44;2.60;1.44;1.18;4.33;1.18;4.33;
tSk70VxN;Toronto Maple Leafs;Detroit Red Wings;29.09.2019 01:00;5;0;1.67;4.04;4.35;1.73;4.05;3.75;tSk70VxN;-2.5;+1.5;2.94;1.35;2.94;1.35;2.01;1.72;2.01;1.72;1.12;5.46;1.12;5.46;
UgoCAbg1;Dallas Stars;Colorado Avalanche;29.09.2019 00:00;4;3;2.17;3.62;2.88;2.10;3.85;2.85;UgoCAbg1;-2.5;+1.5;4.76;1.15;4.76;1.15;2.90;1.36;2.90;1.36;1.19;4.14;1.19;4.14;
Pittsburgh Penguins;3.59;1.24;3.59;Buffalo Sabres;-2.5;2;WOWidmHg;3;WOWidmHg;28.09.2019 22:00;WOWidmHg;2.36;1.52;2.34;1.53;1.13;5.12;1.13;5.22;
2;1.45;4.50;Chicago Blackhawks;8vadPdg2;8vadPdg2;1.45;4.50;4.25;8vadPdg2;8;8vadPdg2;4.25;
zm8wxef5;Vegas Golden Knights;Los Angeles Kings;28.09.2019 04:00;2;3;1.76;3.93;3.93;1.85;3.85;3.55;zm8wxef5;-2.5;+1.5;3.30;1.29;3.30;1.29;2.18;1.61;2.18;1.61;1.11;5.57;1.11;5.57;
CWiOqndE;St. Louis Blues;Washington Capitals;28.09.2019 02:00;4;3;2.11;3.68;2.98;2.05;3.85;3.00;CWiOqndE;-2.5;+2.5;4.36;1.17;4.36;1.17;2.74;1.40;2.74;1.40;1.19;4.21;1.19;4.21;1.12;5.44;1.12;5.44;
YTr10gEd;Carolina Hurricanes;Nashville Predators;28.09.2019 01:30;1;2;2.02;3.69;3.14;2.00;3.80;3.15;YTr10gEd;-2.5;+2.5;4.22;1.19;4.22;1.19;2.64;1.42;2.64;1.42;1.16;4.54;1.16;4.54;1.13;5.09;1.13;5.09;
fVgBakhT;Detroit Red Wings;Toronto Maple Leafs;28.09.2019 01:30;3;4;2.33;3.56;2.67;2.35;3.85;2.53;fVgBakhT;-2.5;+2.5;5.03;1.13;5.03;1.13;3.10;1.32;3.10;1.32;1.24;3.69;1.24;3.69;1.11;5.63;1.11;5.63;
MuC2zrJ0;Columbus Blue Jackets;New Jersey Devils;28.09.2019 01:00;0;2;2.53;3.54;2.46;2.40;3.80;2.49;MuC2zrJ0;-2.5;+2.5;5.62;1.11;5.62;1.11;3.44;1.27;3.44;1.27;1.28;3.33;1.28;3.33;1.12;5.48;1.12;5.48;
San Jose Sharks;3.71;1.23;3.71;Calgary Flames;-2.5;4;EPZrfIiN;1;EPZrfIiN;27.09.2019 04:30;EPZrfIiN;2.43;1.49;2.43;1.49;1.15;4.79;1.15;4.79;
YT69Awx4;Vancouver Canucks;Arizona Coyotes;27.09.2019 04:00;2;4;2.31;3.62;2.67;2.22;3.80;2.72;YT69Awx4;
nVe7Bvve;Dallas Stars;Minnesota Wild;27.09.2019 02:30;1;2;2.09;3.64;3.03;2.05;3.85;3.00;nVe7Bvve;-2.5;+1.5;4.51;1.16;4.51;1.16;2.77;1.39;2.77;1.39;1.17;4.40;1.17;4.40;
G8EDSWEn;Winnipeg Jets;Edmonton Oilers;27.09.2019 02:00;3;5;2.30;3.63;2.68;2.30;3.70;2.66;G8EDSWEn;-2.5;+1.5;4.92;1.14;4.92;1.14;3.04;1.33;3.04;1.33;1.23;3.70;1.23;3.70;
bTmKpSt8;Detroit Red Wings;St. Louis Blues;27.09.2019 01:00;4;1;2.70;3.63;2.28;2.59;3.60;2.40;bTmKpSt8;-1.5;+2.5;3.74;1.23;3.77;1.23;1.33;3.02;1.33;3.06;1.14;4.90;1.13;5.02;
xOQSEhTk;Florida Panthers;Tampa Bay Lightning;27.09.2019 01:00;2;4;2.75;3.58;2.26;2.73;3.65;2.27;xOQSEhTk;-2.5;+2.5;5.39;1.12;5.39;1.12;3.75;1.23;3.75;1.23;1.35;2.93;1.35;2.93;1.16;4.61;1.16;4.61;
QFVMuIwq;New York Rangers;Philadelphia Flyers;27.09.2019 01:00;2;1;2.23;3.64;2.77;2.25;3.65;2.76;QFVMuIwq;-2.5;+1.5;4.73;1.15;4.73;1.15;2.94;1.35;2.94;1.35;1.22;3.88;1.22;3.88;
QNVnOd63;Anaheim Ducks;Los Angeles Kings;26.09.2019 04:00;2;0;2.07;3.67;3.06;2.15;3.90;2.74;QNVnOd63;-2.5;+1.5;4.36;1.17;4.48;1.17;2.71;1.40;2.77;1.39;1.17;4.39;1.18;4.29;
A58ewlT4;Vancouver Canucks;Ottawa Senators;26.09.2019 04:00;2;6;2.35;3.56;2.65;2.15;4.15;2.71;A58ewlT4;-2.5;+1.5;5.12;1.13;5.18;1.13;3.14;1.31;3.18;1.31;1.24;3.66;1.25;3.59;
dd9Zxyua;Vegas Golden Knights;Colorado Avalanche;26.09.2019 04:00;1;4;1.74;3.97;4.01;1.76;4.50;3.35;dd9Zxyua;
fyehQxvd;Chicago Blackhawks;Washington Capitals;26.09.2019 02:30;0;6;2.11;3.66;2.98;2.13;4.10;2.68;fyehQxvd;-2.5;+2.5;4.20;1.19;4.20;1.19;2.70;1.41;2.70;1.41;1.19;4.12;1.19;4.12;1.11;5.62;1.11;5.62;
KQvc1Zbj;Nashville Predators;Carolina Hurricanes;26.09.2019 02:00;3;0;1.77;3.92;3.90;1.77;3.85;3.80;KQvc1Zbj;-2.5;+1.5;3.35;1.28;3.35;1.28;2.20;1.60;2.20;1.60;1.11;5.62;1.11;5.62;
re0BYLmD;Boston Bruins;New Jersey Devils;26.09.2019 01:00;2;0;2.42;3.60;2.54;2.25;3.70;2.69;re0BYLmD;-2.5;+1.5;5.39;1.12;5.39;1.12;3.27;1.29;3.27;1.29;1.26;3.48;1.26;3.48;
8x8byO3f;Buffalo Sabres;Columbus Blue Jackets;26.09.2019 01:00;4;3;1.87;3.82;3.55;1.95;4.10;3.05;8x8byO3f;-2.5;+1.5;3.64;1.24;3.63;1.24;2.36;1.52;2.35;1.53;1.13;5.18;1.13;5.19;
QyNLlYwB;Pittsburgh Penguins;Detroit Red Wings;26.09.2019 01:00;4;2;1.72;4.00;4.10;1.80;3.90;3.65;QyNLlYwB;-2.5;+1.5;3.15;1.31;3.15;1.31;2.10;1.65;2.10;1.65;1.11;5.59;1.11;5.60;
KC1b2i8A;Toronto Maple Leafs;Montreal Canadiens;26.09.2019 01:00;3;0;1.80;3.86;3.79;1.75;4.50;3.40;KC1b2i8A;-2.5;+1.5;3.33;1.28;3.33;1.28;2.22;1.58;2.22;1.59;1.12;5.48;1.12;5.47;
W0pvebxH;Anaheim Ducks;San Jose Sharks;25.09.2019 04:00;4;1;2.18;3.66;2.84;2.20;3.90;2.70;W0pvebxH;-2.5;+2.5;4.54;1.16;4.54;1.16;2.85;1.37;2.85;1.37;1.21;3.97;1.21;3.97;1.13;5.22;1.13;5.22;
pQNsYhiP;Calgary Flames;Winnipeg Jets;25.09.2019 03:00;2;0;1.75;3.90;4.02;1.81;3.90;3.65;pQNsYhiP;
v775BJMc;Edmonton Oilers;Arizona Coyotes;25.09.2019 03:00;2;4;1.93;3.77;3.36;2.00;3.85;3.10;v775BJMc;-2.5;+1.5;3.84;1.22;3.84;1.22;2.46;1.48;2.46;1.48;1.14;4.87;1.14;4.87;
feNwxzw8;St. Louis Blues;Dallas Stars;25.09.2019 02:00;1;2;2.01;3.71;3.19;2.00;3.80;3.15;feNwxzw8;-2.5;+1.5;4.13;1.19;4.13;1.19;2.60;1.44;2.60;1.44;1.16;4.60;1.16;4.60;
bXROFYDq;Florida Panthers;Tampa Bay Lightning;25.09.2019 01:00;6;3;2.48;3.57;2.50;2.54;3.70;2.40;bXROFYDq;
42W0gdPu;New York Rangers;New York Islanders;25.09.2019 01:00;3;1;2.10;3.67;3.00;2.10;3.72;2.98;42W0gdPu;-2.5;+1.5;4.39;1.17;4.39;1.17;2.74;1.40;2.74;1.40;1.18;4.28;1.18;4.28;
nXWrPxic;Los Angeles Kings;Anaheim Ducks;24.09.2019 04:30;3;0;2.06;3.67;3.10;2.00;4.10;2.97;nXWrPxic;-2.5;+1.5;4.32;1.18;4.32;1.18;2.69;1.41;2.69;1.41;1.17;4.48;1.17;4.48;
Vancouver Canucks;3.12;1.32;3.11;Ottawa Senators;-2.5;6;tW3ivUDb;4;tW3ivUDb;24.09.2019 04:00;tW3ivUDb;2.09;1.66;2.10;1.66;1.12;5.36;1.12;5.36;
jNvepbVR;Boston Bruins;Philadelphia Flyers;24.09.2019 01:00;4;3;1.78;3.86;3.89;1.83;3.85;3.55;jNvepbVR;
jwcf3Xh4;Montreal Canadiens;Toronto Maple Leafs;24.09.2019 01:00;0;3;1.82;3.82;3.76;1.90;3.85;3.30;jwcf3Xh4;-2.5;+2.5;3.45;1.27;3.45;1.27;2.26;1.56;2.26;1.56;1.12;5.50;1.12;5.50;1.12;5.43;1.12;5.43;
New York Islanders;3.19;1.30;3.19;Detroit Red Wings;-2.5;3;vu5fYCgU;2;vu5fYCgU;24.09.2019 01:00;vu5fYCgU;2.11;1.65;2.11;1.65;1.11;5.63;1.11;5.63;
rLqa99EO;Winnipeg Jets;Calgary Flames;23.09.2019 02:00;4;1;2.06;3.66;3.10;2.05;3.70;3.05;rLqa99EO;
EsX1XL0E;Colorado Avalanche;Minnesota Wild;23.09.2019 01:00;3;2;2.06;3.70;3.07;2.00;4.00;2.97;EsX1XL0E;
CYIHkEO4;Detroit Red Wings;Pittsburgh Penguins;22.09.2019 23:00;3;2;2.16;3.61;2.92;2.35;3.80;2.51;CYIHkEO4;-2.5;+2.5;4.49;1.17;4.49;1.17;2.82;1.38;2.82;1.38;1.19;4.10;1.19;4.10;1.12;5.53;1.12;5.53;
G4OZxGN1;St. Louis Blues;Columbus Blue Jackets;22.09.2019 21:30;5;3;1.86;3.83;3.59;1.91;3.90;3.25;G4OZxGN1;-2.5;+1.5;3.61;1.24;3.61;1.24;2.34;1.53;2.34;1.53;1.12;5.25;1.12;5.25;
0G81Ca7i;Arizona Coyotes;Anaheim Ducks;22.09.2019 03:00;4;3;2.33;3.61;2.65;2.37;3.65;2.56;0G81Ca7i;-2.5;+1.5;5.10;1.13;5.10;1.13;3.12;1.32;3.12;1.32;1.24;3.68;1.24;3.68;
n7DKKrH8;Los Angeles Kings;Vancouver Canucks;22.09.2019 03:00;7;5;2.38;3.58;2.59;2.35;4.00;2.43;n7DKKrH8;-2.5;+2.5;5.55;1.11;5.33;1.12;3.22;1.30;3.22;1.30;1.25;3.58;1.25;3.58;1.13;5.05;1.13;5.05;
CC5mRIOk;Chicago Blackhawks;Boston Bruins;22.09.2019 02:30;3;2;2.05;3.65;3.13;2.02;3.65;3.15;CC5mRIOk;-2.5;+2.5;4.17;1.19;4.17;1.19;2.65;1.42;2.65;1.42;1.17;4.45;1.17;4.45;1.12;5.43;1.12;5.43;
YRi3CKOl;Dallas Stars;Florida Panthers;22.09.2019 02:00;0;6;2.05;3.64;3.14;2.06;3.75;2.99;YRi3CKOl;-2.5;+2.5;4.19;1.19;4.19;1.19;2.65;1.42;2.65;1.42;1.17;4.49;1.17;4.49;1.12;5.45;1.12;5.45;
x2kh2Fqp;Nashville Predators;Tampa Bay Lightning;22.09.2019 02:00;5;4;1.93;3.78;3.37;1.93;3.80;3.25;x2kh2Fqp;-2.5;+1.5;3.81;1.22;3.81;1.22;2.45;1.49;2.45;1.49;1.14;4.87;1.14;4.87;
2Z9VwHPh;San Jose Sharks;Vegas Golden Knights;22.09.2019 02:00;1;3;2.40;3.56;2.58;2.38;3.62;2.56;2Z9VwHPh;
xKrObtwh;Ottawa Senators;Montreal Canadiens;22.09.2019 01:30;0;4;2.52;3.55;2.47;2.56;3.55;2.38;xKrObtwh;-2.5;+2.5;5.60;1.11;5.60;1.11;3.40;1.27;3.40;1.27;1.28;3.33;1.28;3.33;1.12;5.44;1.12;5.44;
Cnbj4Dwb;Buffalo Sabres;Toronto Maple Leafs;22.09.2019 01:00;5;3;2.47;3.56;2.51;2.42;3.62;2.52;Cnbj4Dwb;-2.5;+2.5;5.43;1.12;5.43;1.12;3.32;1.28;3.32;1.28;1.27;3.39;1.27;3.39;1.11;5.55;1.11;5.55;
d0uiovGL;Philadelphia Flyers;New York Rangers;22.09.2019 01:00;4;1;2.03;3.67;3.17;2.05;3.75;3.00;d0uiovGL;
jJU8izfh;Washington Capitals;Carolina Hurricanes;22.09.2019 01:00;3;2;2.07;3.69;3.05;2.10;3.85;2.85;jJU8izfh;-2.5;+1.5;4.25;1.18;4.25;1.18;2.68;1.41;2.68;1.41;1.18;4.33;1.18;4.33;
ziYcY1o8;Minnesota Wild;Colorado Avalanche;22.09.2019 00:00;4;3;1.86;3.82;3.60;1.85;3.85;3.50;ziYcY1o8;-2.5;+2.5;3.63;1.24;3.63;1.24;2.35;1.53;2.34;1.53;1.12;5.28;1.12;5.29;1.12;5.35;1.12;5.35;
EF8fx4ll;Columbus Blue Jackets;Pittsburgh Penguins;21.09.2019 20:00;3;1;1.97;3.72;3.29;1.97;3.73;3.20;EF8fx4ll;-2.5;+2.5;3.83;1.22;3.83;1.22;2.49;1.47;2.49;1.47;1.15;4.66;1.15;4.66;1.12;5.33;1.12;5.33;
ld7ax8rB;Edmonton Oilers;Calgary Flames;21.09.2019 03:00;6;2;2.31;3.57;2.70;2.33;4.00;2.45;ld7ax8rB;
GQFYoWNT;Winnipeg Jets;St. Louis Blues;21.09.2019 02:00;3;4;2.25;3.62;2.75;2.20;3.70;2.76;GQFYoWNT;-2.5;+1.5;4.86;1.14;4.86;1.14;2.99;1.34;2.99;1.34;1.22;3.86;1.22;3.86;
Detroit Red Wings;4.39;1.17;4.39;New York Islanders;-2.5;3;WE1nzZOH;4;WE1nzZOH;21.09.2019 01:30;WE1nzZOH;2.74;1.40;2.74;1.40;1.18;4.26;1.18;4.26;1.12;5.43;1.12;5.43;
YmT8h5GI;New Jersey Devils;New York Rangers;21.09.2019 01:00;4;2;1.87;3.79;3.57;1.90;3.95;3.25;YmT8h5GI;-2.5;+1.5;3.54;1.25;3.55;1.25;2.33;1.53;2.33;1.53;1.13;5.13;1.13;5.14;
zg3Q6eyT;Tampa Bay Lightning;Nashville Predators;21.09.2019 01:00;3;1;2.16;3.61;2.91;2.14;3.80;2.80;zg3Q6eyT;-2.5;+1.5;4.47;1.17;4.44;1.17;2.81;1.38;2.80;1.38;1.20;4.08;1.20;4.06;
UN8o5gOi;Toronto Maple Leafs;Buffalo Sabres;21.09.2019 01:00;3;0;1.72;3.97;4.10;1.80;3.90;3.65;UN8o5gOi;-2.5;+1.5;3.06;1.33;3.07;1.32;2.08;1.67;2.09;1.66;1.12;5.47;1.12;5.47;
ja6RvcAn;Los Angeles Kings;Vegas Golden Knights;20.09.2019 04:30;2;3;2.46;3.56;2.51;2.25;4.00;2.59;ja6RvcAn;-2.5;+2.5;5.63;1.11;5.63;1.11;3.31;1.28;3.31;1.28;1.27;3.39;1.27;3.39;1.11;5.56;1.11;5.56;
v5haD09r;Colorado Avalanche;Dallas Stars;20.09.2019 03:00;1;2;1.78;3.91;3.87;1.76;3.94;3.85;v5haD09r;
2u5muAbh;Edmonton Oilers;Vancouver Canucks;20.09.2019 03:00;1;6;2.49;3.60;2.46;2.38;3.56;2.63;2u5muAbh;-2.5;+2.5;5.57;1.11;5.57;1.11;3.38;1.27;3.38;1.27;1.28;3.33;1.28;3.33;1.12;5.47;1.12;5.47;
OGvKaMNo;Montreal Canadiens;Florida Panthers;20.09.2019 01:00;5;4;2.05;3.68;3.11;2.10;3.90;2.87;OGvKaMNo;-2.5;+1.5;4.05;1.20;4.13;1.19;2.61;1.43;2.63;1.43;1.17;4.37;1.17;4.42;
I9tmnK0F;Philadelphia Flyers;Boston Bruins;20.09.2019 01:00;1;3;1.86;3.84;3.57;1.95;3.75;3.30;I9tmnK0F;-2.5;+2.5;3.58;1.25;3.57;1.25;2.33;1.53;2.33;1.53;1.13;5.17;1.13;5.19;1.12;5.48;1.12;5.48;
zP9jwpZs;Pittsburgh Penguins;Columbus Blue Jackets;20.09.2019 01:00;4;1;1.85;3.80;3.39;1.85;3.87;3.45;zP9jwpZs;-2.5;+1.5;3.62;1.24;3.62;1.24;2.38;1.51;2.38;1.51;1.15;4.81;1.15;4.81;
hAozdvNA;Calgary Flames;San Jose Sharks;19.09.2019 03:00;6;4;2.13;3.65;2.96;2.15;3.80;2.83;hAozdvNA;-2.5;+1.5;4.27;1.18;4.27;1.18;2.73;1.40;2.73;1.40;1.19;4.11;1.19;4.11;
YL6qSb9q;Chicago Blackhawks;Detroit Red Wings;19.09.2019 02:30;2;1;1.98;3.71;3.26;2.00;3.90;3.10;YL6qSb9q;
xOtiBVqC;Winnipeg Jets;Minnesota Wild;19.09.2019 02:00;4;1;1.97;3.76;3.27;1.95;3.85;3.25;xOtiBVqC;-2.5;+1.5;3.90;1.21;3.90;1.21;2.51;1.47;2.51;1.47;1.15;4.68;1.15;4.68;
Wxjr6Z8o;Ottawa Senators;Toronto Maple Leafs;19.09.2019 01:30;4;3;2.99;3.63;2.12;2.80;3.90;2.14;Wxjr6Z8o;
hjkdKE5S;Carolina Hurricanes;Tampa Bay Lightning;19.09.2019 01:00;2;0;1.87;3.78;3.56;1.95;3.80;3.30;hjkdKE5S;-2.5;+2.5;3.57;1.25;3.57;1.25;2.34;1.53;2.34;1.53;1.13;5.13;1.13;5.13;1.12;5.51;1.12;5.52;
ADjxywoo;Montreal Canadiens;Florida Panthers;19.09.2019 01:00;4;3;2.70;3.60;2.29;2.63;3.75;2.30;ADjxywoo;-1.5;+2.5;5.29;1.12;5.29;1.12;3.67;1.24;3.67;1.24;1.34;2.98;1.34;2.98;1.15;4.71;1.15;4.71;
nVJVwd8e;Washington Capitals;St. Louis Blues;19.09.2019 01:00;3;2;2.02;3.68;3.19;2.02;3.75;3.15;nVJVwd8e;
bZWWdK74;San Jose Sharks;Anaheim Ducks;18.09.2019 04:00;3;4;2.08;3.65;3.05;2.15;3.80;2.88;bZWWdK74;-2.5;+1.5;4.21;1.19;4.21;1.19;2.68;1.41;2.68;1.41;1.18;4.29;1.18;4.29;
KGFrtjqn;Vancouver Canucks;Edmonton Oilers;18.09.2019 04:00;4;2;2.16;3.60;2.92;2.25;3.70;2.60;KGFrtjqn;-2.5;+2.5;4.52;1.16;4.52;1.16;2.83;1.38;2.83;1.38;1.19;4.11;1.19;4.11;1.11;5.58;1.11;5.58;
xd6XHt1R;Minnesota Wild;Dallas Stars;18.09.2019 02:00;1;2;1.80;3.89;3.78;1.85;3.90;3.60;xd6XHt1R;-2.5;+1.5;3.42;1.27;3.42;1.27;2.24;1.57;2.24;1.57;1.11;5.55;1.11;5.55;
2wKHWv1S;Detroit Red Wings;Chicago Blackhawks;18.09.2019 01:30;5;3;2.55;3.55;2.43;2.53;3.68;2.45;2wKHWv1S;
ppjWsQQQ;Columbus Blue Jackets;Buffalo Sabres;18.09.2019 01:00;4;1;2.15;3.62;2.94;2.05;4.00;2.96;ppjWsQQQ;
0Yorm0o9;New York Islanders;Philadelphia Flyers;18.09.2019 01:00;3;2;1.99;3.74;3.23;2.05;3.75;3.10;0Yorm0o9;-2.5;+1.5;3.98;1.21;3.98;1.21;2.54;1.45;2.54;1.45;1.16;4.62;1.16;4.62;
vmohLfjM;Tampa Bay Lightning;Carolina Hurricanes;18.09.2019 01:00;0;3;1.94;3.72;3.40;1.92;3.80;3.45;vmohLfjM;-2.5;+1.5;3.80;1.22;3.80;1.22;2.46;1.48;2.46;1.48;1.14;4.89;1.14;4.89;
IZ10sjWp;Toronto Maple Leafs;Ottawa Senators;17.09.2019 23:30;1;3;1.65;4.13;4.41;1.72;4.05;4.05;IZ10sjWp;
bXsmCBU5;Edmonton Oilers;Winnipeg Jets;17.09.2019 03:00;2;0;2.20;3.60;2.85;2.15;3.65;2.97;bXsmCBU5;
8vLRvxgk;Dallas Stars;St. Louis Blues;17.09.2019 02:30;0;2;2.00;3.73;3.20;2.05;3.70;3.15;8vLRvxgk;-2.5;+1.5;4.03;1.20;4.03;1.20;2.57;1.45;2.57;1.45;1.16;4.58;1.16;4.58;
l0smcT1m;Buffalo Sabres;Pittsburgh Penguins;17.09.2019 01:00;5;4;1.79;3.78;3.91;1.80;4.10;3.50;l0smcT1m;-2.5;+2.5;3.22;1.30;3.22;1.30;2.18;1.61;2.18;1.61;1.11;5.59;1.11;5.59;1.21;3.98;1.21;3.98;
MsmvltW2;Philadelphia Flyers;New York Islanders;17.09.2019 01:00;1;3;1.99;3.75;3.20;2.00;3.80;3.15;MsmvltW2;
OnLDXKoM;Washington Capitals;Chicago Blackhawks;17.09.2019 01:00;4;3;2.22;3.62;2.80;2.20;3.75;2.56;OnLDXKoM;-2.5;+1.5;4.56;1.16;4.56;1.16;2.88;1.36;2.88;1.36;1.22;3.86;1.22;3.86;
WAggc5QD;Vegas Golden Knights;Arizona Coyotes;15.09.2019 22:30;6;2;2.06;3.66;3.09;1.90;3.90;3.30;WAggc5QD;-2.5;+1.5;4.12;1.19;4.12;1.19;2.64;1.42;2.64;1.42;1.18;4.34;1.18;4.34;
