tAnusvRE;Karlovy Vary;České Budějovice;23.04.2017 16:00;1;0;1.40;5.60;5.40;1.40;5.50;5.20;tAnusvRE;1.65;2.08;1.65;2.08;
UmQ1YaDQ;Pardubice;Jihlava;23.04.2017 16:00;4;2;1.19;7.70;9.00;1.13;8.00;9.90;UmQ1YaDQ;1.33;2.90;1.33;2.90;
2JmyrKB8;České Budějovice;Pardubice;21.04.2017 17:30;1;3;2.62;3.90;2.35;2.60;3.90;2.37;2JmyrKB8;-2.5;+2.5;7.10;1.10;7.10;1.10;3.90;1.26;3.90;1.26;1.32;3.40;1.32;3.40;1.13;6.10;1.13;6.10;
zRQcZubK;Jihlava;Karlovy Vary;21.04.2017 17:30;2;3;2.75;3.60;2.35;2.72;3.70;2.35;zRQcZubK;-2.5;+2.5;7.80;1.09;7.80;1.09;4.25;1.23;4.25;1.23;1.32;3.40;1.32;3.40;1.13;6.20;1.13;6.20;
fDbqcVcF;Kometa Brno;Liberec;19.04.2017 17:20;5;2;1.90;4.30;3.47;1.91;4.30;3.45;fDbqcVcF;-2.5;+1.5;4.40;1.22;4.40;1.22;2.56;1.50;2.56;1.50;1.15;5.60;1.15;5.60;
lGagJzZ7;Pardubice;Karlovy Vary;18.04.2017 18:00;1;2;2.08;3.90;3.05;2.00;4.15;3.10;lGagJzZ7;-2.5;+1.5;4.85;1.18;4.85;1.18;2.85;1.43;2.85;1.43;1.19;4.70;1.19;4.70;
MNMgzMrE;České Budějovice;Jihlava;18.04.2017 17:30;2;3;2.03;3.75;3.28;2.00;4.00;3.20;MNMgzMrE;-2.5;+1.5;4.90;1.18;4.90;1.18;2.80;1.44;2.80;1.44;1.16;5.25;1.16;5.25;
0jaubBr9;Kometa Brno;Liberec;18.04.2017 17:20;3;0;1.97;4.20;3.35;2.00;4.20;3.25;0jaubBr9;-2.5;+1.5;4.55;1.21;4.55;1.21;2.65;1.48;2.65;1.48;1.16;5.25;1.16;5.25;
KIrBBx6D;Jihlava;České Budějovice;16.04.2017 17:30;5;1;2.45;3.70;2.60;2.41;3.75;2.62;KIrBBx6D;-2.5;+2.5;6.50;1.12;6.50;1.12;3.56;1.30;3.56;1.30;1.25;3.95;1.25;3.95;1.10;7.30;1.10;7.30;
zDekKGJ1;Karlovy Vary;Pardubice;16.04.2017 15:30;3;5;2.15;3.85;2.95;2.15;3.80;2.98;zDekKGJ1;-2.5;+2.5;5.05;1.17;5.05;1.17;2.96;1.40;2.96;1.40;1.21;4.45;1.21;4.45;1.08;7.90;1.08;7.90;
nmeyaiT2;Liberec;Kometa Brno;15.04.2017 17:00;3;4;2.07;4.15;3.10;2.10;4.20;3.00;nmeyaiT2;-2.5;+1.5;5.25;1.16;5.25;1.16;2.90;1.40;2.90;1.40;1.18;4.95;1.18;4.95;
hl6pLd4e;České Budějovice;Karlovy Vary;14.04.2017 17:30;2;1;2.48;3.85;2.48;2.43;4.10;2.45;hl6pLd4e;-2.5;+2.5;6.20;1.10;6.20;1.10;3.50;1.26;3.50;1.26;1.26;3.50;1.26;3.50;1.10;6.20;1.10;6.20;
tSq7CIj7;Jihlava;Pardubice;14.04.2017 17:30;4;3;2.56;3.90;2.40;2.54;4.10;2.35;tSq7CIj7;-2.5;+2.5;6.50;1.09;6.50;1.09;3.64;1.24;3.64;1.24;1.30;3.30;1.30;3.30;1.10;5.90;1.10;5.90;
prHhz8j2;Liberec;Kometa Brno;14.04.2017 17:20;3;4;2.12;4.20;3.00;2.13;4.17;3.00;prHhz8j2;-2.5;+1.5;5.35;1.16;5.35;1.16;2.96;1.40;2.96;1.40;1.19;4.70;1.19;4.70;
Ec7tMxkk;Pardubice;České Budějovice;11.04.2017 18:00;2;3;1.68;4.25;4.20;1.68;4.25;4.10;Ec7tMxkk;-3.5;+1.5;6.80;1.09;6.80;1.09;3.10;1.33;3.10;1.33;1.98;1.77;1.98;1.77;1.09;6.60;1.09;6.60;
niV3Dby1;Karlovy Vary;Jihlava;11.04.2017 17:30;3;0;1.70;4.20;4.10;1.68;4.20;4.15;niV3Dby1;-3.5;+1.5;7.50;1.07;7.50;1.07;3.50;1.25;3.50;1.25;2.18;1.60;2.18;1.60;1.09;6.40;1.09;6.40;
YD2B0AmS;Chomutov;Liberec;09.04.2017 17:40;0;4;2.70;4.20;2.25;2.63;4.20;2.30;YD2B0AmS;-2.5;+2.5;7.60;1.09;7.60;1.09;4.15;1.24;4.15;1.24;1.34;3.25;1.34;3.25;1.14;5.90;1.14;5.90;
80WaEvMf;Pardubice;Jihlava;09.04.2017 17:00;3;1;1.60;4.40;4.26;1.60;4.40;4.25;80WaEvMf;-3.5;+1.5;6.90;1.11;6.90;1.11;3.24;1.35;3.24;1.35;2.05;1.77;2.05;1.77;1.10;7.30;1.10;7.30;
pO2xNIZr;Karlovy Vary;České Budějovice;09.04.2017 15:30;1;2;1.60;4.40;4.26;1.60;4.40;4.25;pO2xNIZr;-3.5;+1.5;7.00;1.10;7.00;1.10;3.26;1.34;3.26;1.34;2.06;1.76;2.06;1.76;1.10;7.40;1.10;7.40;
r1DUK25G;Kometa Brno;Mountfield HK;08.04.2017 17:20;2;1;1.57;4.80;4.82;1.58;4.70;4.85;r1DUK25G;-3.5;+1.5;6.90;1.11;6.90;1.11;3.20;1.36;3.20;1.36;2.00;1.82;2.00;1.82;1.08;8.10;1.08;8.10;
rFGARbRR;České Budějovice;Pardubice;07.04.2017 17:30;2;4;2.50;4.10;2.40;2.48;4.10;2.40;rFGARbRR;-2.5;+2.5;6.80;1.11;6.80;1.11;3.70;1.28;3.70;1.28;1.30;3.53;1.30;3.53;1.12;6.40;1.12;6.40;
QyseFK6l;Jihlava;Karlovy Vary;07.04.2017 17:30;3;2;2.56;3.90;2.40;2.56;3.90;2.40;QyseFK6l;-2.5;+2.5;7.20;1.10;7.20;1.10;3.90;1.26;3.90;1.26;1.30;3.60;1.30;3.60;1.11;6.60;1.11;6.60;
QHhDZlKU;Liberec;Chomutov;07.04.2017 17:20;2;1;1.50;5.00;5.40;1.52;5.00;5.10;QHhDZlKU;-3.5;-1.5;6.10;1.13;6.10;1.13;2.86;1.42;2.86;1.42;1.85;1.95;1.85;1.95;
OGGzqHij;Mountfield HK;Kometa Brno;06.04.2017 17:20;1;3;2.25;4.10;2.70;2.25;4.20;2.60;OGGzqHij;-2.5;+2.5;6.10;1.13;6.10;1.13;3.30;1.34;3.30;1.34;1.23;4.20;1.23;4.20;1.09;7.80;1.09;7.80;
WpOgC9Pd;Chomutov;Liberec;05.04.2017 17:20;5;3;3.00;4.10;2.10;2.75;4.10;2.25;WpOgC9Pd;-1.5;+2.5;8.00;1.08;8.00;1.08;4.75;1.19;4.75;1.19;1.40;2.96;1.40;2.96;1.16;5.30;1.16;5.30;
0jR5SvCL;Pardubice;Karlovy Vary;04.04.2017 18:00;2;3;2.20;4.20;2.69;2.20;4.25;2.67;0jR5SvCL;-2.5;+2.5;5.25;1.16;5.25;1.16;3.05;1.38;3.05;1.38;1.25;3.95;1.25;3.95;1.10;7.00;1.10;7.00;
CYxiG0ir;České Budějovice;Jihlava;04.04.2017 17:30;1;2;1.75;4.40;3.77;1.76;4.40;3.75;CYxiG0ir;-2.5;+1.5;4.00;1.25;4.00;1.25;2.36;1.60;2.36;1.60;1.12;6.40;1.12;6.40;
6i4Fl6Xk;Chomutov;Liberec;04.04.2017 17:20;2;0;2.96;4.20;2.05;2.98;4.25;2.10;6i4Fl6Xk;-2.5;+2.5;7.90;1.08;7.90;1.08;4.60;1.20;4.60;1.20;1.43;2.85;1.43;2.85;1.18;5.00;1.18;5.00;
AyNcBTv3;Kometa Brno;Mountfield HK;03.04.2017 17:20;0;1;1.65;4.60;4.40;1.64;4.70;4.45;AyNcBTv3;-3.5;+1.5;7.10;1.10;7.10;1.10;3.30;1.33;3.30;1.33;2.10;1.74;2.10;1.74;1.10;7.30;1.10;7.30;
fgjPKtqR;Jihlava;České Budějovice;02.04.2017 17:30;2;1;2.30;4.00;2.60;2.25;4.10;2.58;fgjPKtqR;-2.5;+2.5;5.55;1.11;5.55;1.11;3.20;1.30;3.20;1.30;1.23;3.73;1.23;3.73;1.09;6.70;1.09;6.70;
pr3JmQnd;Kometa Brno;Mountfield HK;02.04.2017 17:20;8;0;1.83;4.40;3.63;1.83;4.40;3.65;pr3JmQnd;-2.5;+1.5;3.95;1.25;3.95;1.25;2.40;1.58;2.40;1.58;1.13;6.00;1.13;6.00;
lGN1TKdF;Karlovy Vary;Pardubice;02.04.2017 15:30;4;5;1.95;4.30;3.15;1.95;4.25;3.15;lGN1TKdF;-2.5;+2.5;4.20;1.19;4.20;1.19;2.55;1.45;2.55;1.45;1.16;4.65;1.16;4.65;1.07;7.80;1.07;7.80;
z9DqfS9S;Liberec;Chomutov;01.04.2017 17:20;4;3;1.50;5.30;5.10;1.51;5.50;4.90;z9DqfS9S;-3.5;+1.5;6.40;1.12;6.40;1.12;2.94;1.40;2.94;1.40;1.87;1.93;1.87;1.93;1.09;7.90;1.09;7.90;
fgOcU0s9;České Budějovice;Karlovy Vary;31.03.2017 17:30;3;4;2.40;4.20;2.40;2.40;4.20;2.40;fgOcU0s9;-2.5;+2.5;5.95;1.10;5.95;1.10;3.40;1.27;3.40;1.27;1.27;3.40;1.27;3.40;1.10;5.95;1.10;5.95;
G2iLLMTK;Jihlava;Pardubice;31.03.2017 17:30;4;3;2.50;4.20;2.32;2.41;4.25;2.35;G2iLLMTK;-2.5;+2.5;6.40;1.09;6.40;1.09;3.56;1.25;3.56;1.25;1.30;3.20;1.30;3.20;1.11;5.60;1.11;5.60;
EgPzdluG;Liberec;Chomutov;31.03.2017 17:20;4;1;1.59;5.00;4.65;1.59;5.00;4.55;EgPzdluG;-3.5;+1.5;6.90;1.11;6.90;1.11;3.20;1.36;3.20;1.36;2.00;1.80;2.00;1.80;1.09;7.70;1.09;7.70;
CU4BknIq;Mountfield HK;Kometa Brno;30.03.2017 17:20;3;0;2.32;4.20;2.63;2.30;4.20;2.67;CU4BknIq;-2.5;+2.5;5.85;1.14;5.85;1.14;3.30;1.34;3.30;1.34;1.26;3.85;1.26;3.85;1.10;7.00;1.10;7.00;
hpOve8fM;Mountfield HK;Kometa Brno;29.03.2017 17:20;0;2;2.20;4.20;2.82;2.20;4.20;2.82;hpOve8fM;-2.5;+2.5;5.25;1.16;5.25;1.16;3.00;1.40;3.00;1.40;1.23;4.25;1.23;4.25;1.09;7.70;1.09;7.70;
2;-2.5;+1.5;České Budějovice;G2PgVtS2;G2PgVtS2;1.79;4.50;3.40;G2PgVtS2;1;G2PgVtS2;3.85;1.26;2.36;1.60;1.14;5.70;
bRdGM2EE;Karlovy Vary;Jihlava;28.03.2017 18:00;3;4;1.48;5.30;4.90;1.49;5.20;5.00;bRdGM2EE;-3.5;+1.5;5.75;1.11;5.75;1.11;2.77;1.40;2.77;1.40;1.80;1.90;1.80;1.90;1.07;7.70;1.07;7.70;
QaikxB6H;Plzeň;Liberec;24.03.2017 18:30;4;5;3.35;4.35;1.93;3.35;4.35;1.93;QaikxB6H;-1.5;+2.5;5.35;1.16;5.35;1.16;1.50;2.60;1.50;2.60;1.21;4.45;1.21;4.45;
ppOXHnK9;Chomutov;Třinec;24.03.2017 17:30;5;3;2.98;3.90;2.20;2.92;4.00;2.20;ppOXHnK9;-2.5;+2.5;8.10;1.08;8.10;1.08;4.45;1.21;4.45;1.21;1.37;3.10;1.37;3.10;1.15;5.55;1.15;5.55;
6enoTcN6;Liberec;Plzeň;22.03.2017 18:00;3;5;1.38;6.10;6.50;1.38;6.10;6.50;6enoTcN6;-3.5;-1.5;5.30;1.16;5.30;1.16;2.53;1.52;2.53;1.52;1.67;2.20;1.67;2.20;
2RgDLiGg;Olomouc;Pardubice;22.03.2017 18:00;8;2;1.67;4.60;3.85;1.65;4.80;3.65;2RgDLiGg;-3.5;+1.5;6.70;1.09;6.70;1.09;3.20;1.30;3.20;1.30;2.06;1.68;2.06;1.68;1.10;6.10;1.10;6.10;
MoFWveMI;Třinec;Chomutov;22.03.2017 17:20;3;2;1.52;4.90;5.30;1.52;4.90;5.40;MoFWveMI;-3.5;+1.5;6.30;1.12;6.30;1.12;2.96;1.40;2.96;1.40;1.90;1.90;1.90;1.90;1.09;7.70;1.09;7.70;
tIhHKBVa;Zlín;Karlovy Vary;21.03.2017 17:30;2;3;2.10;4.40;2.65;2.15;4.40;2.53;tIhHKBVa;-2.5;+2.5;4.70;1.15;4.70;1.15;2.80;1.38;2.80;1.38;1.22;3.80;1.22;3.80;1.09;6.60;1.09;6.60;
lE88KkUd;Mountfield HK;Litvínov;21.03.2017 17:20;7;4;1.63;4.80;4.33;1.64;4.50;4.55;lE88KkUd;-3.5;+1.5;8.10;1.08;3.63;1.29;3.63;1.29;2.16;1.70;2.16;1.70;1.10;7.20;1.10;7.20;
AR5aji8B;Chomutov;Třinec;20.03.2017 17:30;2;1;2.85;4.20;2.17;2.83;4.20;2.18;AR5aji8B;-2.5;+2.5;8.00;1.08;8.00;1.08;4.35;1.22;4.35;1.22;1.38;3.05;1.38;3.05;1.15;5.45;1.15;5.45;
nsYViJ16;Plzeň;Liberec;20.03.2017 17:20;0;4;3.10;4.20;2.05;3.05;4.18;2.07;nsYViJ16;-1.5;+2.5;8.00;1.08;8.00;1.08;4.85;1.19;4.85;1.19;1.43;2.83;1.43;2.83;1.18;4.95;1.18;4.95;
6a04NDos;Pardubice;Zlín;19.03.2017 17:00;3;2;1.70;4.60;3.55;1.70;4.70;3.50;6a04NDos;-3.5;+2.5;6.90;1.08;6.90;1.08;3.10;1.29;3.10;1.29;2.10;1.63;2.10;1.63;1.12;5.45;1.12;5.45;1.07;7.70;1.07;7.70;
S2GfiXh5;Chomutov;Třinec;19.03.2017 16:50;2;3;2.77;4.20;2.15;2.78;4.20;2.20;S2GfiXh5;-2.5;+2.5;7.80;1.09;7.80;1.09;4.25;1.23;4.25;1.23;1.38;3.05;1.38;3.05;1.15;5.45;1.15;5.45;
z7URhan0;Plzeň;Liberec;19.03.2017 16:30;6;3;2.90;4.15;2.15;2.85;4.15;2.17;z7URhan0;-1.5;+2.5;8.10;1.08;8.10;1.08;4.50;1.21;4.50;1.21;1.38;3.04;1.38;3.04;1.15;5.45;1.15;5.45;
pja8MX0m;Karlovy Vary;Olomouc;19.03.2017 15:30;6;2;1.84;4.40;3.25;1.80;4.50;3.25;pja8MX0m;-3.5;+1.5;8.20;1.08;8.20;1.08;3.80;1.22;3.80;1.22;2.37;1.52;2.37;1.52;1.14;4.90;1.14;4.90;
OENhS2X8;Litvínov;Mountfield HK;18.03.2017 17:30;1;2;2.57;4.00;2.45;2.50;4.10;2.45;OENhS2X8;-2.5;+2.5;7.20;1.10;7.20;1.10;3.85;1.26;3.85;1.26;1.29;3.64;1.29;3.64;1.11;6.80;1.11;6.80;
pOOlTrI2;Kometa Brno;Sparta Praha;18.03.2017 17:00;4;1;2.52;4.25;2.40;2.51;4.30;2.37;pOOlTrI2;-2.5;+2.5;6.60;1.11;6.60;1.11;3.67;1.28;3.67;1.28;1.31;3.45;1.31;3.45;1.13;6.20;1.13;6.20;
CKTf71eq;Kometa Brno;Sparta Praha;17.03.2017 18:00;4;3;2.55;4.30;2.35;2.52;4.35;2.35;CKTf71eq;-2.5;+2.5;6.70;1.11;6.70;1.11;3.73;1.28;3.73;1.28;1.33;3.36;1.33;3.36;1.13;6.00;1.13;6.00;
E3xyutHE;Karlovy Vary;Pardubice;17.03.2017 18:00;7;2;1.88;4.50;3.10;1.91;4.50;3.05;E3xyutHE;-2.5;+2.5;3.90;1.21;3.90;1.21;2.43;1.50;2.43;1.50;1.16;4.55;1.16;4.55;1.07;7.80;1.07;7.80;
00YWuM18;Olomouc;Zlín;17.03.2017 18:00;4;2;1.85;4.40;3.25;1.90;4.40;3.10;00YWuM18;-2.5;+1.5;4.00;1.20;4.00;1.20;2.44;1.50;2.44;1.50;1.14;4.95;1.14;4.95;
jBSb6LAk;Litvínov;Mountfield HK;17.03.2017 17:20;1;4;2.50;4.00;2.50;2.45;4.10;2.50;jBSb6LAk;
hruNguXg;Liberec;Plzeň;16.03.2017 18:00;4;2;1.50;5.20;5.25;1.50;5.25;5.30;hruNguXg;-3.5;+1.5;6.00;1.12;6.00;1.12;3.03;1.40;3.03;1.40;1.90;1.90;1.90;1.90;1.08;8.00;1.08;8.00;
EaCjhDwa;Třinec;Chomutov;16.03.2017 17:20;3;4;1.45;5.30;5.80;1.43;5.50;5.80;EaCjhDwa;-3.5;+1.5;5.60;1.15;5.60;1.15;2.67;1.48;2.67;1.48;1.76;2.06;1.76;2.06;1.08;8.00;1.08;8.00;
EitJfLHm;Liberec;Plzeň;15.03.2017 18:20;3;1;1.50;5.00;5.45;1.51;5.10;5.30;EitJfLHm;-3.5;-1.5;6.50;1.12;6.50;1.12;2.97;1.40;2.97;1.40;1.88;1.92;1.88;1.92;
KxDnggOh;Třinec;Chomutov;15.03.2017 17:00;0;2;1.68;4.55;4.22;1.68;4.55;4.30;KxDnggOh;-3.5;+1.5;7.30;1.10;7.30;1.10;3.40;1.32;3.40;1.32;2.14;1.70;2.14;1.70;1.11;6.80;1.11;6.80;
pAqGEq39;Sparta Praha;Kometa Brno;14.03.2017 18:30;2;3;1.64;4.75;4.30;1.63;4.90;4.35;pAqGEq39;-3.5;+1.5;7.20;1.10;7.20;1.10;3.33;1.33;3.33;1.33;2.10;1.74;2.10;1.74;1.11;6.90;1.11;6.90;
bDmKD3IF;Mountfield HK;Litvínov;14.03.2017 17:20;3;0;1.75;4.40;4.00;1.70;4.40;4.20;bDmKD3IF;-2.5;+1.5;3.95;1.26;3.95;1.26;2.33;1.60;2.33;1.60;1.11;6.70;1.11;6.70;
YDtTh2tj;Sparta Praha;Kometa Brno;13.03.2017 18:30;2;3;1.70;4.70;4.05;1.71;4.65;4.05;YDtTh2tj;-3.5;+1.5;7.70;1.09;7.70;1.09;3.55;1.30;3.55;1.30;2.20;1.68;2.20;1.68;1.12;6.50;1.12;6.50;
C4uXiMed;Mountfield HK;Litvínov;13.03.2017 18:00;2;3;1.83;4.30;3.70;1.84;4.30;3.70;C4uXiMed;-2.5;+1.5;4.25;1.23;4.25;1.23;2.47;1.55;2.47;1.55;1.12;6.30;1.12;6.30;
A3TKGlas;Vítkovice;Plzeň;12.03.2017 18:00;1;2;2.25;4.10;2.75;2.25;4.10;2.70;A3TKGlas;-2.5;+2.5;6.00;1.13;6.00;1.13;3.30;1.34;3.30;1.34;1.24;4.10;1.24;4.10;1.09;7.60;1.09;7.60;
beflHxP7;Pardubice;Karlovy Vary;12.03.2017 17:00;5;3;2.10;4.30;2.64;2.10;4.30;2.64;beflHxP7;-2.5;+2.5;5.15;1.17;5.15;1.17;3.00;1.40;3.00;1.40;1.25;4.05;1.25;4.05;1.10;7.20;1.10;7.20;
bqjeBJmE;Chomutov;Mladá Boleslav;12.03.2017 15:30;6;1;1.90;4.40;3.34;1.92;4.40;3.30;bqjeBJmE;-2.5;+1.5;4.35;1.22;4.35;1.22;2.56;1.50;2.56;1.50;1.16;5.35;1.16;5.35;
K4epII91;Zlín;Olomouc;12.03.2017 15:30;0;2;2.00;4.40;2.78;2.00;4.30;2.82;K4epII91;-2.5;+2.5;4.90;1.18;4.90;1.18;2.83;1.43;2.83;1.43;1.21;4.40;1.21;4.40;1.08;8.00;1.08;8.00;
pQHNNPC8;Plzeň;Vítkovice;10.03.2017 18:20;5;2;1.78;4.40;3.82;1.72;4.70;3.85;pQHNNPC8;-2.5;+1.5;3.90;1.26;3.90;1.26;2.34;1.60;2.34;1.60;1.12;6.20;1.12;6.20;
CvdtJbfe;Karlovy Vary;Zlín;10.03.2017 18:00;6;4;1.45;5.50;4.91;1.45;5.50;4.55;CvdtJbfe;-3.5;+2.5;5.10;1.13;5.10;1.13;2.56;1.45;2.56;1.45;1.72;2.00;1.72;2.00;1.08;7.30;1.08;7.30;1.07;6.80;1.07;6.80;
YmcxKvuk;Pardubice;Olomouc;10.03.2017 18:00;2;3;1.80;4.55;3.25;1.85;4.60;3.05;YmcxKvuk;-2.5;+1.5;3.80;1.22;3.80;1.22;2.35;1.53;2.35;1.53;1.14;5.00;1.14;5.00;
bTLRMqSE;Mladá Boleslav;Chomutov;10.03.2017 17:30;1;2;1.90;4.45;3.35;1.90;4.50;3.30;bTLRMqSE;-2.5;+1.5;4.15;1.23;4.15;1.23;2.50;1.53;2.50;1.53;1.16;5.20;1.16;5.20;
YZH35uQe;Plzeň;Vítkovice;09.03.2017 17:30;5;3;1.88;4.35;3.48;1.85;4.30;3.65;YZH35uQe;-2.5;+1.5;4.30;1.22;4.30;1.22;2.53;1.52;2.53;1.52;1.15;5.65;1.15;5.65;
WKz74au2;Mladá Boleslav;Chomutov;09.03.2017 17:20;1;5;1.65;4.75;4.30;1.63;5.00;4.20;WKz74au2;-3.5;+1.5;7.00;1.10;7.00;1.10;3.30;1.34;3.30;1.34;2.08;1.75;2.08;1.75;1.11;6.90;1.11;6.90;
jP7XKKPr;Olomouc;Karlovy Vary;07.03.2017 18:00;2;6;1.88;4.40;3.22;1.83;4.50;3.40;jP7XKKPr;-2.5;+1.5;4.05;1.18;4.05;1.18;2.47;1.46;2.47;1.46;1.13;4.70;1.13;4.70;
KSyTBsmS;Chomutov;Mladá Boleslav;07.03.2017 17:30;1;6;1.97;4.25;3.30;1.94;4.30;3.35;KSyTBsmS;-2.5;+1.5;4.10;1.18;4.10;1.18;2.55;1.44;2.55;1.44;1.15;4.50;1.15;4.50;
E3G5P0HR;Zlín;Pardubice;07.03.2017 17:30;6;3;1.70;4.70;3.75;1.70;4.65;3.85;E3G5P0HR;-3.5;+1.5;6.60;1.07;6.60;1.07;3.30;1.27;3.30;1.27;2.13;1.62;2.13;1.62;1.10;5.50;1.10;5.50;
txwPCNXL;Vítkovice;Plzeň;07.03.2017 17:20;3;2;2.18;4.05;2.90;2.20;4.05;2.90;txwPCNXL;-2.5;+2.5;4.95;1.12;4.95;1.12;2.93;1.34;2.93;1.34;1.18;4.10;1.18;4.10;1.06;7.00;1.06;7.00;
jmpCFPm3;Chomutov;Mladá Boleslav;06.03.2017 18:20;1;7;1.92;4.10;3.50;1.92;4.10;3.55;jmpCFPm3;-2.5;+1.5;3.85;1.20;3.85;1.20;2.43;1.48;2.43;1.48;1.12;4.90;1.12;4.90;
Cdo8G5Yd;Vítkovice;Plzeň;06.03.2017 17:00;3;1;2.19;4.00;2.92;2.13;4.00;3.05;Cdo8G5Yd;-2.5;+1.5;5.00;1.12;5.00;1.12;2.94;1.33;2.94;1.33;1.18;4.15;1.18;4.15;
O4MbI0b3;Chomutov;Mountfield HK;03.03.2017 18:20;1;3;3.41;4.65;1.80;3.25;4.60;1.85;O4MbI0b3;-1.5;+2.5;7.00;1.06;7.00;1.06;4.90;1.12;4.90;1.12;1.53;2.30;1.53;2.30;1.23;3.63;1.23;3.63;
z3fx1aTS;Liberec;Mladá Boleslav;03.03.2017 18:20;4;1;1.83;4.50;3.39;1.85;4.50;3.30;z3fx1aTS;-2.5;+1.5;3.83;1.20;3.83;1.20;2.37;1.50;2.37;1.50;1.12;4.95;1.12;4.95;
xCt4dJyp;Olomouc;Kometa Brno;03.03.2017 18:20;3;2;1.70;4.80;3.70;1.78;4.65;3.50;xCt4dJyp;-3.5;+2.5;6.80;1.07;6.80;1.07;3.40;1.25;3.40;1.25;2.17;1.60;2.17;1.60;1.11;5.30;1.11;5.30;1.06;7.00;1.06;7.00;
WAZCfc6d;Pardubice;Litvínov;03.03.2017 18:20;4;3;4.08;4.70;1.65;4.00;4.80;1.68;WAZCfc6d;-1.5;+3.5;5.90;1.09;5.90;1.09;1.68;2.04;1.68;2.04;1.30;3.14;1.30;3.14;1.08;6.20;1.08;6.20;
pENfJtqc;Sparta Praha;Plzeň;03.03.2017 18:20;2;3;2.45;3.80;2.55;2.30;4.25;2.54;pENfJtqc;-2.5;+2.5;5.40;1.10;5.40;1.10;3.30;1.27;3.30;1.27;1.25;3.45;1.25;3.45;1.09;5.70;1.09;5.70;
6TkY1uEM;Třinec;Vítkovice;03.03.2017 18:20;3;2;1.90;3.80;3.64;1.86;4.10;3.55;6TkY1uEM;-2.5;+1.5;3.80;1.21;3.80;1.21;2.40;1.48;2.40;1.48;1.11;5.15;1.11;5.15;
KzW8ewij;Zlín;Karlovy Vary;03.03.2017 18:20;3;2;1.33;6.20;6.64;1.34;6.20;6.40;KzW8ewij;-3.5;-1.5;4.25;1.17;4.25;1.17;2.24;1.56;2.24;1.56;1.53;2.30;1.53;2.30;
KEfYr07p;Karlovy Vary;Sparta Praha;28.02.2017 17:20;3;1;4.61;5.30;1.55;4.80;5.15;1.54;KEfYr07p;-1.5;+3.5;6.30;1.08;6.30;1.08;1.80;1.88;1.80;1.88;1.35;2.85;1.35;2.85;1.10;5.60;1.10;5.60;
pE1P31qA;Kometa Brno;Chomutov;28.02.2017 17:20;3;1;1.80;4.50;3.64;1.80;4.50;3.65;pE1P31qA;-3.5;+1.5;7.00;1.06;7.00;1.06;3.56;1.23;3.56;1.23;2.30;1.54;2.30;1.54;1.12;5.05;1.12;5.05;
b5gxrKMj;Litvínov;Liberec;28.02.2017 17:20;2;1;2.55;4.10;2.40;2.49;4.20;2.42;b5gxrKMj;-2.5;+2.5;6.30;1.08;6.30;1.08;3.60;1.23;3.60;1.23;1.26;3.36;1.26;3.36;1.09;5.85;1.09;5.85;
xlbH5NEc;Mladá Boleslav;Třinec;28.02.2017 17:20;5;1;2.55;4.25;2.35;2.53;4.25;2.37;xlbH5NEc;-2.5;+2.5;5.75;1.09;5.75;1.09;3.45;1.25;3.45;1.25;1.30;3.13;1.30;3.13;1.11;5.15;1.11;5.15;
SxiU2LbG;Mountfield HK;Zlín;28.02.2017 17:20;1;3;1.60;5.00;4.39;1.60;5.00;4.40;SxiU2LbG;-3.5;+1.5;6.00;1.08;6.00;1.08;3.03;1.32;3.03;1.32;1.96;1.74;1.96;1.74;1.08;6.30;1.08;6.30;
bcaD63ai;Plzeň;Pardubice;28.02.2017 17:20;5;2;1.38;6.30;5.91;1.39;6.00;6.00;bcaD63ai;-3.5;+1.5;4.40;1.15;4.40;1.15;2.33;1.52;2.33;1.52;1.60;2.20;1.60;2.20;1.06;7.00;1.06;7.00;
WAcL4sU3;Vítkovice;Olomouc;28.02.2017 17:20;0;2;2.05;4.20;3.06;2.02;4.22;3.10;WAcL4sU3;-2.5;+1.5;4.65;1.14;4.65;1.14;2.75;1.38;2.75;1.38;1.15;4.45;1.15;4.45;
KjCoh4pb;Olomouc;Zlín;26.02.2017 18:30;3;0;2.05;4.20;3.06;2.05;4.30;3.00;KjCoh4pb;-2.5;+2.5;4.60;1.14;4.60;1.14;2.74;1.38;2.74;1.38;1.15;4.40;1.15;4.40;1.06;7.10;1.06;7.10;
lW32lMqN;Pardubice;Vítkovice;26.02.2017 17:00;1;3;2.86;4.30;2.12;2.87;4.30;2.12;lW32lMqN;-2.5;+2.5;6.90;1.06;6.90;1.06;4.05;1.18;4.05;1.18;1.36;2.80;1.36;2.80;1.13;4.70;1.13;4.70;
67Eck2UG;Plzeň;Karlovy Vary;26.02.2017 16:30;4;2;1.52;5.10;4.85;1.54;5.05;4.85;67Eck2UG;-3.5;+1.5;5.90;1.09;5.90;1.09;2.93;1.34;2.93;1.34;1.87;1.80;1.87;1.80;1.06;7.00;1.06;7.00;
SGFgjrFA;Liberec;Kometa Brno;26.02.2017 16:00;1;2;1.58;4.80;4.73;1.52;5.10;5.00;SGFgjrFA;-3.5;+1.5;5.85;1.09;5.85;1.09;2.96;1.33;2.96;1.33;1.92;1.77;1.92;1.77;1.07;6.80;1.07;6.80;
2Z76mtaT;Chomutov;Mladá Boleslav;26.02.2017 15:30;3;1;1.92;4.35;3.30;1.93;4.35;3.30;2Z76mtaT;-2.5;+1.5;3.90;1.20;3.90;1.20;2.45;1.47;2.45;1.47;1.14;4.65;1.14;4.65;
xSMtgpVi;Sparta Praha;Litvínov;26.02.2017 15:00;3;1;1.52;5.00;5.14;1.46;5.30;5.30;xSMtgpVi;-3.5;+1.5;5.30;1.11;5.30;1.11;2.70;1.40;2.70;1.40;1.80;1.88;1.80;1.88;1.06;7.00;1.06;7.00;
bsBkiOa4;Třinec;Mountfield HK;26.02.2017 15:00;4;1;2.15;4.25;2.75;2.17;4.20;2.83;bsBkiOa4;-2.5;+2.5;4.95;1.12;4.95;1.12;2.93;1.34;2.93;1.34;1.19;3.95;1.19;3.95;1.07;6.80;1.07;6.80;
QwGeVtwo;Mladá Boleslav;Sparta Praha;24.02.2017 18:20;2;4;3.29;4.50;1.90;3.05;4.45;2.00;QwGeVtwo;-1.5;+2.5;6.80;1.07;6.80;1.07;4.50;1.15;4.50;1.15;1.47;2.45;1.47;2.45;1.20;3.90;1.20;3.90;
YuyHxPpB;Karlovy Vary;Pardubice;24.02.2017 18:00;4;1;1.90;4.40;3.34;1.93;4.50;3.20;YuyHxPpB;-2.5;+2.5;3.95;1.19;3.95;1.19;2.45;1.47;2.45;1.47;1.13;4.75;1.13;4.75;1.06;7.00;1.06;7.00;
S2zLyq0H;Kometa Brno;Třinec;24.02.2017 18:00;2;5;2.10;4.25;2.95;2.13;4.30;2.85;S2zLyq0H;-2.5;+2.5;4.60;1.14;4.60;1.14;2.77;1.37;2.77;1.37;1.17;4.15;1.17;4.15;1.06;7.00;1.06;7.00;
6gZOz3FN;Mountfield HK;Olomouc;24.02.2017 18:00;4;3;1.56;5.00;4.73;1.56;5.20;4.55;6gZOz3FN;-3.5;+1.5;6.10;1.08;6.10;1.08;3.00;1.32;3.00;1.32;1.92;1.77;1.92;1.77;1.06;6.90;1.06;6.90;
OUTTZMUT;Litvínov;Plzeň;24.02.2017 17:30;2;0;1.97;4.30;3.20;1.97;4.35;3.15;OUTTZMUT;-2.5;+1.5;4.30;1.16;4.30;1.16;2.60;1.42;2.60;1.42;1.14;4.60;1.14;4.60;
vs4wfQFo;Zlín;Chomutov;24.02.2017 17:30;4;3;2.05;4.30;3.01;2.03;4.40;3.00;vs4wfQFo;-2.5;+2.5;4.45;1.15;4.45;1.15;2.70;1.40;2.70;1.40;1.17;4.25;1.17;4.25;1.06;6.90;1.06;6.90;
KxXCw5V4;Vítkovice;Liberec;24.02.2017 17:00;4;0;3.02;4.20;2.07;2.97;4.25;2.08;KxXCw5V4;-1.5;+2.5;7.00;1.06;7.00;1.06;4.30;1.16;4.30;1.16;1.37;2.80;1.37;2.80;1.13;4.70;1.13;4.70;
UVx8Ervn;Sparta Praha;Olomouc;21.02.2017 18:30;3;1;1.45;5.50;5.52;1.42;5.80;5.70;UVx8Ervn;-3.5;-1.5;5.05;1.12;5.05;1.12;2.60;1.43;2.60;1.43;1.70;2.00;1.70;2.00;
ht012Wop;Vítkovice;Zlín;21.02.2017 17:00;2;4;1.92;4.25;3.37;1.93;4.30;3.30;ht012Wop;-2.5;+1.5;4.05;1.18;4.05;1.18;2.50;1.46;2.50;1.46;1.13;4.85;1.13;4.85;
42vtyC96;Olomouc;Chomutov;19.02.2017 17:20;1;0;2.27;4.20;2.67;2.25;4.20;2.70;42vtyC96;-2.5;+2.5;5.20;1.11;5.20;1.11;3.10;1.31;3.10;1.31;1.21;3.74;1.21;3.74;1.08;6.40;1.08;6.40;
xEs8voGb;Sparta Praha;Kometa Brno;19.02.2017 17:00;4;0;1.67;5.00;4.06;1.67;5.00;3.95;xEs8voGb;-3.5;+1.5;6.10;1.08;6.10;1.08;3.10;1.30;3.10;1.30;2.02;1.70;2.02;1.70;1.09;5.75;1.09;5.75;
CSslZkvJ;Plzeň;Vítkovice;19.02.2017 16:30;6;2;2.10;4.25;2.93;2.05;4.25;3.05;CSslZkvJ;-2.5;+1.5;4.70;1.14;4.70;1.14;2.80;1.37;2.80;1.37;1.17;4.15;1.17;4.15;
bNr4uR0h;Liberec;Mountfield HK;19.02.2017 16:00;2;1;1.83;4.40;3.60;1.83;4.30;3.65;bNr4uR0h;-2.5;+1.5;3.95;1.19;3.95;1.19;2.40;1.50;2.40;1.50;1.11;5.30;1.11;5.30;
C6pdsmWu;Litvínov;Karlovy Vary;19.02.2017 15:30;3;2;1.55;4.80;5.02;1.55;5.10;4.75;C6pdsmWu;-3.5;+1.5;5.85;1.09;5.85;1.09;2.90;1.34;2.90;1.34;1.88;1.80;1.88;1.80;1.07;6.70;1.07;6.70;
bPwpzWOC;Pardubice;Mladá Boleslav;19.02.2017 15:00;3;6;2.65;4.25;2.27;2.63;4.20;2.30;bPwpzWOC;-2.5;+2.5;6.10;1.08;6.10;1.08;3.60;1.23;3.60;1.23;1.32;3.00;1.32;3.00;1.12;5.00;1.12;5.00;
jcq0t7on;Třinec;Zlín;19.02.2017 15:00;2;1;1.70;4.70;3.97;1.73;4.70;3.80;jcq0t7on;-3.5;+1.5;6.60;1.07;6.60;1.07;3.30;1.27;3.30;1.27;2.10;1.63;2.10;1.63;1.09;5.70;1.09;5.70;
0Uecqz2Q;Kometa Brno;Pardubice;17.02.2017 18:00;4;1;1.50;5.20;5.16;1.50;5.30;5.10;0Uecqz2Q;-3.5;-1.5;5.10;1.11;5.10;1.11;2.64;1.40;2.64;1.40;1.77;1.92;1.77;1.92;
I56hpGnK;Liberec;Olomouc;17.02.2017 18:00;3;1;1.55;4.80;5.02;1.55;4.80;5.00;I56hpGnK;-3.5;-1.5;6.10;1.08;6.10;1.08;3.00;1.32;3.00;1.32;1.90;1.78;1.90;1.78;
QBuxxhf0;Chomutov;Třinec;17.02.2017 17:30;2;1;2.23;4.20;2.73;2.23;4.20;2.73;QBuxxhf0;-2.5;+2.5;4.80;1.13;4.80;1.13;2.94;1.33;2.94;1.33;1.21;3.73;1.21;3.73;1.08;6.30;1.08;6.30;
zNnPvfAs;Mladá Boleslav;Karlovy Vary;17.02.2017 17:30;1;0;1.65;4.75;4.24;1.60;5.00;4.40;zNnPvfAs;-3.5;+1.5;6.20;1.08;6.20;1.08;3.14;1.30;3.14;1.30;2.03;1.68;2.03;1.68;1.08;6.10;1.08;6.10;
8zoXxYvf;Zlín;Sparta Praha;17.02.2017 17:30;0;5;2.93;4.25;2.10;2.88;4.45;2.08;8zoXxYvf;-2.5;+2.5;7.00;1.06;7.00;1.06;4.10;1.18;4.10;1.18;1.37;2.77;1.37;2.77;1.14;4.60;1.14;4.60;
UqnTwEPm;Mountfield HK;Plzeň;17.02.2017 17:20;6;3;1.68;4.70;4.10;1.70;4.60;4.05;UqnTwEPm;-3.5;+1.5;6.50;1.07;6.50;1.07;3.27;1.27;3.27;1.27;2.10;1.64;2.10;1.64;1.09;5.90;1.09;5.90;
vF7lodXD;Vítkovice;Litvínov;17.02.2017 17:00;1;2;2.00;4.20;3.18;1.97;4.30;3.20;vF7lodXD;-2.5;+1.5;4.55;1.14;4.55;1.14;2.70;1.40;2.70;1.40;1.14;4.65;1.14;4.65;
UqQcOYP0;Sparta Praha;Mountfield HK;15.02.2017 18:30;2;5;1.80;4.55;3.61;1.75;4.55;3.83;UqQcOYP0;-2.5;+1.5;6.90;1.06;6.90;1.06;3.63;1.23;3.63;1.23;2.30;1.54;2.30;1.54;1.11;5.15;1.11;5.15;
hl4RVGXQ;Karlovy Vary;Vítkovice;15.02.2017 18:00;3;5;2.40;4.15;2.53;2.40;4.00;2.59;hl4RVGXQ;-2.5;+2.5;5.85;1.09;5.85;1.09;3.37;1.26;3.37;1.26;1.23;3.60;1.23;3.60;1.08;6.30;1.08;6.30;
jaE6MCfD;Pardubice;Chomutov;15.02.2017 18:00;4;7;2.53;4.15;2.40;2.45;4.20;2.46;jaE6MCfD;-2.5;+2.5;5.85;1.09;5.85;1.09;3.46;1.25;3.46;1.25;1.28;3.26;1.28;3.26;1.10;5.50;1.10;5.50;
rTNoRztr;Plzeň;Mladá Boleslav;15.02.2017 17:30;1;2;1.88;4.35;3.44;1.90;4.30;3.30;rTNoRztr;-2.5;+1.5;3.95;1.19;3.95;1.19;2.43;1.48;2.43;1.48;1.12;4.95;1.12;4.95;
C8F2Nhu7;Litvínov;Kometa Brno;15.02.2017 17:20;5;3;2.40;4.20;2.51;2.40;4.20;2.51;C8F2Nhu7;-2.5;+2.5;5.60;1.10;5.60;1.10;3.30;1.27;3.30;1.27;1.25;3.47;1.25;3.47;1.09;5.90;1.09;5.90;
MJMkQfel;Třinec;Olomouc;15.02.2017 17:00;3;2;1.70;4.55;4.09;1.70;4.55;4.00;MJMkQfel;-3.5;+1.5;6.90;1.06;6.90;1.06;3.44;1.25;3.44;1.25;2.15;1.60;2.15;1.60;1.09;5.80;1.09;5.80;
d2KOBete;Mladá Boleslav;Vítkovice;05.02.2017 17:30;3;0;2.07;4.20;3.02;2.00;4.35;3.10;d2KOBete;-2.5;+2.5;4.50;1.15;4.50;1.15;2.73;1.38;2.73;1.38;1.17;4.25;1.17;4.25;1.06;7.00;1.06;7.00;
QyPSAFe1;Kometa Brno;Karlovy Vary;05.02.2017 17:00;3;2;1.40;5.80;6.03;1.47;5.40;5.30;QyPSAFe1;-3.5;-1.5;4.50;1.15;4.50;1.15;2.37;1.50;2.37;1.50;1.60;2.14;1.60;2.14;
4SNW9ZA7;Mountfield HK;Litvínov;05.02.2017 17:00;3;1;1.73;4.50;3.96;1.65;4.70;4.30;4SNW9ZA7;-3.5;+1.5;7.00;1.06;7.00;1.06;3.50;1.24;3.50;1.24;2.20;1.58;2.20;1.58;1.09;5.80;1.09;5.80;
Ec5NWdIK;Olomouc;Plzeň;05.02.2017 17:00;3;1;2.40;4.10;2.55;2.30;4.20;2.63;Ec5NWdIK;-2.5;+2.5;5.80;1.09;5.80;1.09;3.35;1.26;3.35;1.26;1.23;3.60;1.23;3.60;1.08;6.30;1.08;6.30;
6X1FYIm8;Zlín;Pardubice;05.02.2017 15:30;5;4;1.66;4.60;4.29;1.65;4.75;4.25;6X1FYIm8;-3.5;+1.5;6.40;1.07;6.40;1.07;3.20;1.28;3.20;1.28;2.06;1.66;2.06;1.66;1.08;6.20;1.08;6.20;
IBLKCyRl;Třinec;Liberec;05.02.2017 15:20;3;4;2.45;4.05;2.55;2.48;4.15;2.45;IBLKCyRl;-2.5;+2.5;5.90;1.09;5.90;1.09;3.40;1.26;3.40;1.26;1.23;3.57;1.23;3.57;1.08;6.20;1.08;6.20;
Kz6JXx3E;Sparta Praha;Chomutov;05.02.2017 15:00;3;2;1.45;5.60;5.42;1.45;5.60;5.40;Kz6JXx3E;-3.5;+1.5;4.85;1.13;4.85;1.13;2.50;1.45;2.50;1.45;1.70;2.00;1.70;2.00;1.07;6.80;1.07;6.80;
StstKJYE;Sparta Praha;Olomouc;03.02.2017 18:50;2;4;1.39;5.80;6.20;1.40;5.80;6.00;StstKJYE;-3.5;-1.5;4.50;1.15;4.50;1.15;2.36;1.50;2.36;1.50;1.60;2.20;1.60;2.20;
A5nyLaJ8;Karlovy Vary;Třinec;03.02.2017 18:00;1;2;3.22;4.40;1.93;3.25;4.40;1.93;A5nyLaJ8;-1.5;+3.5;4.60;1.14;4.60;1.14;1.45;2.50;1.45;2.50;1.18;4.05;1.18;4.05;1.06;7.10;1.06;7.10;
IBakcdR1;Liberec;Chomutov;03.02.2017 18:00;4;5;1.60;4.80;4.60;1.60;4.80;4.55;IBakcdR1;-3.5;+1.5;6.00;1.09;6.00;1.09;3.00;1.32;3.00;1.32;1.93;1.76;1.93;1.76;1.07;6.80;1.07;6.80;
6XupJwlL;Pardubice;Mountfield HK;03.02.2017 18:00;1;4;3.03;4.25;2.05;3.10;4.30;2.02;6XupJwlL;-1.5;+2.5;6.30;1.08;6.30;1.08;4.20;1.17;4.20;1.17;1.40;2.70;1.40;2.70;1.15;4.45;1.15;4.45;
WEmXLu42;Litvínov;Mladá Boleslav;03.02.2017 17:30;5;4;1.93;4.30;3.31;2.00;4.30;3.10;WEmXLu42;-2.5;+1.5;4.15;1.17;4.15;1.17;2.50;1.45;2.50;1.45;1.13;4.75;1.13;4.75;
zmWFDHBr;Plzeň;Zlín;03.02.2017 17:20;7;1;1.90;4.30;3.40;1.90;4.30;3.40;zmWFDHBr;-2.5;+1.5;4.05;1.18;4.05;1.18;2.50;1.46;2.50;1.46;1.12;4.90;1.12;4.90;
0fulIc3R;Vítkovice;Kometa Brno;03.02.2017 17:00;3;2;2.28;4.20;2.66;2.15;4.50;2.74;0fulIc3R;-2.5;+2.5;5.15;1.11;5.15;1.11;3.06;1.31;3.06;1.31;1.22;3.70;1.22;3.70;1.08;6.30;1.08;6.30;
v5pZH2Sm;Mountfield HK;Sparta Praha;31.01.2017 18:00;1;2;2.42;4.25;2.47;2.45;4.25;2.44;v5pZH2Sm;-2.5;+2.5;5.40;1.10;5.40;1.10;3.25;1.28;3.25;1.28;1.27;3.33;1.27;3.33;1.10;5.55;1.10;5.55;
48eobxCe;Mountfield HK;Vítkovice;29.01.2017 17:20;0;2;1.52;4.85;5.30;1.52;4.90;5.20;48eobxCe;-3.5;+1.5;5.40;1.10;5.40;1.10;2.75;1.38;2.75;1.38;1.80;1.87;1.80;1.87;1.06;6.90;1.06;6.90;
CAKA4vZR;Kometa Brno;Plzeň;29.01.2017 17:00;2;3;1.72;4.65;3.88;1.72;4.65;3.90;CAKA4vZR;-3.5;+1.5;6.80;1.07;6.80;1.07;3.40;1.26;3.40;1.26;2.16;1.60;2.16;1.60;1.10;5.60;1.10;5.60;
YJL65KJL;Olomouc;Karlovy Vary;29.01.2017 17:00;3;2;1.73;4.40;4.04;1.78;4.45;3.75;YJL65KJL;-2.5;+1.5;3.53;1.24;3.53;1.24;2.20;1.58;2.20;1.58;1.09;5.95;1.09;5.95;
rg7x0bsq;Sparta Praha;Třinec;29.01.2017 17:00;12;3;1.77;4.50;3.77;1.75;4.55;3.85;rg7x0bsq;-3.5;+1.5;7.10;1.06;7.10;1.06;3.55;1.24;3.55;1.24;2.24;1.56;2.24;1.56;1.10;5.40;1.10;5.40;
jeW1604F;Liberec;Pardubice;29.01.2017 16:00;3;6;1.40;5.60;6.26;1.40;5.55;6.30;jeW1604F;-3.5;-1.5;4.80;1.13;4.80;1.13;2.46;1.47;2.46;1.47;1.64;2.10;1.64;2.10;
Mq6taIdk;Chomutov;Litvínov;29.01.2017 15:30;1;2;1.95;4.25;3.28;1.98;4.30;3.15;Mq6taIdk;-2.5;+2.5;4.20;1.17;4.20;1.17;2.56;1.43;2.56;1.43;1.13;4.75;1.13;4.75;1.07;6.80;1.07;6.80;
xhSc7tk9;Zlín;Mladá Boleslav;29.01.2017 15:30;4;3;1.92;4.30;3.34;1.88;4.30;3.45;xhSc7tk9;-2.5;+1.5;4.10;1.18;4.10;1.18;2.50;1.45;2.50;1.45;1.13;4.80;1.13;4.80;
dMIYJbHH;Sparta Praha;Liberec;27.01.2017 18:30;4;3;2.00;4.30;3.02;2.05;4.20;3.05;dMIYJbHH;-2.5;+2.5;4.45;1.15;4.45;1.15;2.70;1.40;2.70;1.40;1.16;4.40;1.16;4.40;1.07;6.80;1.07;6.80;
rVSg8MZ2;Karlovy Vary;Mountfield HK;27.01.2017 18:00;3;2;3.65;4.40;1.80;3.60;4.40;1.82;rVSg8MZ2;-1.5;+2.5;5.25;1.11;5.25;1.11;1.54;2.30;1.54;2.30;1.23;3.60;1.23;3.60;
Qgb90AGd;Pardubice;Olomouc;27.01.2017 18:00;2;3;2.00;4.30;3.12;2.00;4.30;3.12;Qgb90AGd;-2.5;+1.5;4.45;1.15;4.45;1.15;2.66;1.40;2.66;1.40;1.15;4.50;1.15;4.50;
n3a51j1j;Litvínov;Třinec;27.01.2017 17:30;1;4;2.55;4.10;2.40;2.42;4.20;2.49;n3a51j1j;-2.5;+2.5;6.20;1.08;6.20;1.08;3.60;1.23;3.60;1.23;1.26;3.34;1.26;3.34;1.09;5.80;1.09;5.80;
4vUk92Kd;Mladá Boleslav;Kometa Brno;27.01.2017 17:30;1;0;2.45;4.20;2.45;2.46;4.20;2.45;4vUk92Kd;-2.5;+2.5;5.45;1.10;5.45;1.10;3.30;1.27;3.30;1.27;1.27;3.30;1.27;3.30;1.10;5.45;1.10;5.45;
EcTTKv2B;Plzeň;Chomutov;27.01.2017 17:30;4;1;2.00;4.30;3.12;2.00;4.25;3.15;EcTTKv2B;-2.5;+1.5;4.25;1.17;4.25;1.17;2.60;1.42;2.60;1.42;1.15;4.40;1.15;4.40;
GtMgPEAf;Liberec;Zlín;25.01.2017 18:00;4;2;1.51;5.20;5.05;1.50;5.25;5.10;GtMgPEAf;
zit26umI;Sparta Praha;Vítkovice;24.01.2017 18:30;0;2;1.50;5.50;4.90;1.50;5.30;5.10;zit26umI;-3.5;+1.5;5.40;1.10;5.40;1.10;2.74;1.38;2.74;1.38;1.80;1.90;1.80;1.90;1.06;7.00;1.06;7.00;
S8XcsJea;Olomouc;Mountfield HK;24.01.2017 18:00;1;4;2.80;4.20;2.20;2.78;4.20;2.20;S8XcsJea;-2.5;+2.5;6.70;1.07;6.70;1.07;3.95;1.19;3.95;1.19;1.33;2.95;1.33;2.95;1.12;4.95;1.12;4.95;
z7UPLKn5;Zlín;Litvínov;22.01.2017 17:20;3;1;2.13;4.25;2.87;2.10;4.20;2.96;z7UPLKn5;-2.5;+2.5;4.90;1.12;4.90;1.12;2.90;1.35;2.90;1.35;1.18;4.10;1.18;4.10;1.07;6.70;1.07;6.70;
WEX8P2mt;Mountfield HK;Kometa Brno;22.01.2017 17:00;3;4;1.75;4.55;3.83;1.72;4.75;3.85;WEX8P2mt;-3.5;+2.5;6.70;1.07;6.70;1.07;3.40;1.26;3.40;1.26;2.18;1.60;2.18;1.60;1.10;5.45;1.10;5.45;1.07;6.70;1.07;6.70;
fgd34JHU;Olomouc;Mladá Boleslav;22.01.2017 17:00;2;4;1.95;4.25;3.17;1.95;4.35;3.25;fgd34JHU;-2.5;+2.5;4.20;1.17;4.20;1.17;2.57;1.43;2.57;1.43;1.14;4.60;1.14;4.60;1.06;7.10;1.06;7.10;
pIyDOM2n;Liberec;Karlovy Vary;22.01.2017 16:00;3;2;1.35;6.00;6.89;1.33;6.50;6.80;pIyDOM2n;-3.5;-1.5;4.55;1.15;4.55;1.15;2.34;1.52;2.34;1.52;1.56;2.24;1.56;2.24;
6XPLM0Xb;Chomutov;Vítkovice;22.01.2017 15:30;5;3;2.00;4.25;3.15;1.96;4.25;3.25;6XPLM0Xb;-2.5;+1.5;4.30;1.16;4.30;1.16;2.63;1.40;2.63;1.40;1.15;4.50;1.15;4.50;
G2ca5a2O;Sparta Praha;Pardubice;22.01.2017 15:00;3;2;1.35;6.30;6.53;1.36;6.20;6.40;G2ca5a2O;-3.5;-1.5;4.30;1.16;4.30;1.16;2.27;1.55;2.27;1.55;1.55;2.27;1.55;2.27;
StRHNtIh;Třinec;Plzeň;22.01.2017 15:00;3;2;1.67;4.75;3.93;1.68;4.70;4.10;StRHNtIh;-3.5;+1.5;6.80;1.07;6.80;1.07;3.36;1.26;3.36;1.26;2.10;1.63;2.10;1.63;1.09;5.85;1.09;5.85;
6BloANmg;Kometa Brno;Zlín;20.01.2017 18:00;2;4;1.65;4.90;4.10;1.62;5.10;4.20;6BloANmg;-3.5;+1.5;6.50;1.07;6.50;1.07;3.20;1.28;3.20;1.28;2.05;1.67;2.05;1.67;1.09;5.95;1.09;5.95;
boowCqJt;Liberec;Plzeň;20.01.2017 18:00;3;1;1.65;4.70;4.25;1.65;4.70;4.30;boowCqJt;-3.5;+1.5;6.80;1.07;6.80;1.07;3.35;1.26;3.35;1.26;2.10;1.65;2.10;1.65;1.08;6.40;1.08;6.40;
SKksB3Yn;Chomutov;Karlovy Vary;20.01.2017 17:30;3;1;1.52;5.20;4.94;1.53;5.20;4.85;SKksB3Yn;-3.5;+1.5;5.40;1.10;5.40;1.10;2.75;1.38;2.75;1.38;1.80;1.87;1.80;1.87;1.06;7.00;1.06;7.00;
d0sb7LXB;Litvínov;Olomouc;20.01.2017 17:30;0;3;1.60;4.75;4.55;1.61;4.75;4.40;d0sb7LXB;-3.5;+1.5;6.60;1.07;6.60;1.07;3.20;1.28;3.20;1.28;2.00;1.70;2.00;1.70;1.07;6.80;1.07;6.80;
2wrf81I5;Mladá Boleslav;Mountfield HK;20.01.2017 17:30;3;5;2.70;4.20;2.25;2.66;4.20;2.28;2wrf81I5;-2.5;+2.5;6.30;1.08;6.30;1.08;3.70;1.22;3.70;1.22;1.32;3.00;1.32;3.00;1.12;4.95;1.12;4.95;
lzvj9s3a;Pardubice;Třinec;20.01.2017 17:20;5;4;3.51;4.40;1.85;3.50;4.40;1.86;lzvj9s3a;-1.5;+2.5;5.00;1.12;5.00;1.12;1.50;2.36;1.50;2.36;1.21;3.77;1.21;3.77;
GChdn5wd;Mountfield HK;Chomutov;17.01.2017 18:00;9;3;1.65;4.50;4.46;1.63;4.50;4.60;GChdn5wd;-3.5;+1.5;6.20;1.08;6.20;1.08;3.10;1.30;3.10;1.30;2.02;1.70;2.02;1.70;1.08;6.40;1.08;6.40;
tjOCfTVF;Mladá Boleslav;Liberec;15.01.2017 17:30;1;3;2.96;4.20;2.10;2.96;4.20;2.10;tjOCfTVF;-1.5;+2.5;4.20;1.17;4.20;1.17;1.37;2.80;1.37;2.80;1.13;4.70;1.13;4.70;
OEDHgmoM;Kometa Brno;Olomouc;15.01.2017 17:20;1;3;1.50;5.30;5.00;1.52;5.30;4.85;OEDHgmoM;-3.5;-1.5;5.35;1.11;5.35;1.11;2.70;1.40;2.70;1.40;1.80;1.90;1.80;1.90;
Ym3imoOk;Plzeň;Sparta Praha;15.01.2017 16:30;2;3;2.52;4.20;2.40;2.55;4.22;2.36;Ym3imoOk;-2.5;+2.5;5.95;1.09;5.95;1.09;3.50;1.24;3.50;1.24;1.28;3.24;1.28;3.24;1.10;5.50;1.10;5.50;
25CLh70S;Karlovy Vary;Zlín;15.01.2017 15:30;4;1;2.63;4.20;2.30;2.68;4.25;2.25;25CLh70S;-2.5;+2.5;6.30;1.08;6.30;1.08;3.70;1.22;3.70;1.22;1.30;3.14;1.30;3.14;1.11;5.35;1.11;5.35;
fc4mlR8q;Litvínov;Pardubice;15.01.2017 15:30;5;4;1.57;5.00;4.64;1.55;4.90;4.90;fc4mlR8q;-3.5;+1.5;6.20;1.08;6.20;1.08;3.07;1.31;3.07;1.31;1.94;1.75;1.94;1.75;1.07;6.80;1.07;6.80;
SnK8e9G9;Vítkovice;Třinec;15.01.2017 15:30;6;3;2.65;4.00;2.35;2.77;4.05;2.25;SnK8e9G9;-2.5;+2.5;6.40;1.08;6.40;1.08;3.70;1.22;3.70;1.22;1.28;3.20;1.28;3.20;1.10;5.45;1.10;5.45;
2qyotUGM;Sparta Praha;Karlovy Vary;13.01.2017 18:30;2;1;1.33;6.60;6.70;1.33;6.50;6.80;2qyotUGM;-4.5;-1.5;6.90;1.06;6.90;1.06;4.15;1.18;4.15;1.18;2.20;1.58;2.20;1.58;1.50;2.34;1.50;2.34;
fsGPYo9d;Olomouc;Vítkovice;13.01.2017 18:00;5;0;2.30;4.10;2.67;2.30;4.05;2.70;fsGPYo9d;-2.5;+2.5;5.50;1.10;5.50;1.10;3.20;1.29;3.20;1.29;1.21;3.80;1.21;3.80;1.07;6.70;1.07;6.70;
Pardubice;6.40;1.08;6.40;Plzeň;-2.5;2;MTHHz8vp;3;MTHHz8vp;13.01.2017 18:00;MTHHz8vp;3.76;1.21;3.76;1.21;1.32;3.03;1.32;3.03;1.12;5.10;1.12;5.10;
fZL0cVoc;Chomutov;Kometa Brno;13.01.2017 17:30;6;3;2.33;4.15;2.61;2.40;4.20;2.51;fZL0cVoc;-2.5;+2.5;5.15;1.11;5.15;1.11;3.10;1.30;3.10;1.30;1.24;3.55;1.24;3.55;1.09;5.95;1.09;5.95;
YPK4dk13;Zlín;Mountfield HK;13.01.2017 17:30;4;1;2.60;4.05;2.37;2.59;4.00;2.40;YPK4dk13;-2.5;+2.5;6.30;1.08;6.30;1.08;3.65;1.22;3.65;1.22;1.27;3.27;1.27;3.27;1.10;5.60;1.10;5.60;
p8QkulWS;Liberec;Litvínov;13.01.2017 17:20;2;1;1.63;4.30;4.84;1.64;4.30;4.75;p8QkulWS;-3.5;+1.5;6.50;1.07;6.50;1.07;3.20;1.29;3.20;1.29;2.03;1.70;2.03;1.70;1.06;7.00;1.06;7.00;
GjHLZRgj;Třinec;Mladá Boleslav;13.01.2017 17:00;0;3;1.50;5.30;5.07;1.53;5.30;4.75;GjHLZRgj;-3.5;+1.5;5.20;1.11;5.20;1.11;2.67;1.40;2.67;1.40;1.78;1.90;1.78;1.90;1.07;6.80;1.07;6.80;
8QirM8Pj;Zlín;Olomouc;10.01.2017 17:30;3;1;1.73;4.55;3.87;1.75;4.60;3.80;8QirM8Pj;-2.5;+1.5;6.80;1.07;6.80;1.07;3.60;1.23;3.60;1.23;2.22;1.57;2.22;1.57;1.09;5.80;1.09;5.80;
W4ULi6Er;Vítkovice;Mountfield HK;10.01.2017 17:00;3;6;2.35;4.05;2.63;2.35;4.20;2.57;W4ULi6Er;-2.5;+2.5;5.60;1.10;5.60;1.10;3.24;1.28;3.24;1.28;1.22;3.70;1.22;3.70;1.07;6.40;1.07;6.40;
OhxssA1G;Mladá Boleslav;Chomutov;08.01.2017 17:30;2;3;2.02;4.20;3.13;2.05;4.20;3.05;OhxssA1G;-2.5;+2.5;4.15;1.18;4.15;1.18;2.60;1.42;2.60;1.42;1.16;4.35;1.16;4.35;1.06;7.00;1.06;7.00;
Y3qUqCHc;Kometa Brno;Liberec;08.01.2017 17:20;3;0;2.10;4.30;2.91;2.05;4.33;3.00;Y3qUqCHc;-2.5;+2.5;4.65;1.14;4.65;1.14;2.80;1.37;2.80;1.37;1.18;4.10;1.18;4.10;1.06;7.00;1.06;7.00;
MTuQph2i;Mountfield HK;Třinec;08.01.2017 17:00;5;1;2.25;4.05;2.77;2.25;4.10;2.75;MTuQph2i;-2.5;+2.5;5.25;1.11;5.25;1.11;3.06;1.31;3.06;1.31;1.19;3.95;1.19;3.95;1.07;6.80;1.07;6.80;
GSYYrWW3;Karlovy Vary;Plzeň;08.01.2017 15:30;0;3;2.70;4.20;2.25;2.57;4.20;2.35;GSYYrWW3;-2.5;+2.5;6.40;1.08;6.40;1.08;3.75;1.21;3.75;1.21;1.32;3.00;1.32;3.00;1.12;5.05;1.12;5.05;
UZhvNlAp;Litvínov;Sparta Praha;08.01.2017 15:30;3;2;2.96;4.20;2.10;3.00;4.20;2.08;UZhvNlAp;-1.5;+2.5;6.90;1.06;6.90;1.06;4.20;1.17;4.20;1.17;1.37;2.80;1.37;2.80;1.14;4.65;1.14;4.65;
fJXxrjnA;Vítkovice;Pardubice;08.01.2017 15:30;4;1;1.60;4.80;4.56;1.62;4.85;4.35;fJXxrjnA;-3.5;+1.5;6.20;1.08;6.20;1.08;3.10;1.30;3.10;1.30;1.97;1.72;1.97;1.72;1.07;6.60;1.07;6.60;
zZz6ucQB;Sparta Praha;Mladá Boleslav;06.01.2017 18:30;4;0;1.48;5.50;5.10;1.48;5.40;5.20;zZz6ucQB;-3.5;+1.5;4.85;1.13;4.85;1.13;2.54;1.44;2.54;1.44;1.72;1.97;1.72;1.97;1.06;7.00;1.06;7.00;
CIUopLBt;Liberec;Vítkovice;06.01.2017 18:00;2;1;1.56;4.85;4.97;1.56;4.80;4.90;CIUopLBt;-3.5;+1.5;6.20;1.08;6.20;1.08;3.03;1.32;3.03;1.32;1.90;1.77;1.90;1.77;1.07;6.60;1.07;6.60;
6gqkquRn;Pardubice;Karlovy Vary;06.01.2017 18:00;2;3;1.80;4.50;3.64;1.80;4.50;3.65;6gqkquRn;-2.5;+1.5;6.80;1.07;6.80;1.07;3.60;1.23;3.60;1.23;2.30;1.54;2.30;1.54;1.11;5.20;1.11;5.20;
EPZ9vHuI;Chomutov;Zlín;06.01.2017 17:30;3;1;1.86;4.30;3.54;1.90;4.35;3.35;EPZ9vHuI;-2.5;+1.5;3.90;1.20;3.90;1.20;2.40;1.48;2.40;1.48;1.12;5.00;1.12;5.00;
tCy2twB5;Plzeň;Litvínov;06.01.2017 17:30;4;2;2.25;4.20;2.62;2.30;4.20;2.63;tCy2twB5;-2.5;+2.5;5.25;1.11;5.25;1.11;3.07;1.31;3.07;1.31;1.20;3.90;1.20;3.90;1.07;6.80;1.07;6.80;
pprgratg;Třinec;Kometa Brno;06.01.2017 17:00;4;1;1.95;4.30;3.28;1.95;4.40;3.20;pprgratg;-2.5;+2.5;4.05;1.18;4.05;1.18;2.50;1.45;2.50;1.45;1.14;4.60;1.14;4.60;1.06;6.90;1.06;6.90;
A9rKl13P;Kometa Brno;Sparta Praha;03.01.2017 19:00;2;5;2.00;4.40;3.10;2.02;4.35;3.05;A9rKl13P;-2.5;+2.5;4.15;1.17;4.15;1.17;2.60;1.43;2.60;1.43;1.16;4.30;1.16;4.30;1.07;6.80;1.07;6.80;
0v1TRwdC;Karlovy Vary;Litvínov;03.01.2017 18:00;2;3;2.77;4.05;2.25;2.77;4.05;2.25;0v1TRwdC;-2.5;+2.5;6.60;1.07;6.60;1.07;3.90;1.20;3.90;1.20;1.32;3.03;1.32;3.03;1.12;5.10;1.12;5.10;
844yQHQO;Mountfield HK;Liberec;03.01.2017 18:00;3;2;2.37;4.05;2.61;2.30;4.05;2.70;844yQHQO;-2.5;+2.5;5.85;1.09;5.85;1.09;3.35;1.26;3.35;1.26;1.22;3.64;1.22;3.64;1.08;6.40;1.08;6.40;
QL8GUuCg;Olomouc;Chomutov;03.01.2017 18:00;1;3;2.13;4.00;3.00;2.12;4.00;3.00;QL8GUuCg;-2.5;+2.5;4.70;1.14;4.70;1.14;2.80;1.36;2.80;1.36;1.17;4.25;1.17;4.25;1.06;7.00;1.06;7.00;
f10XQcBI;Zlín;Třinec;03.01.2017 17:30;4;2;3.12;4.10;2.05;2.82;4.30;2.15;f10XQcBI;-1.5;+2.5;7.00;1.06;7.00;1.06;4.45;1.15;4.45;1.15;1.40;2.70;1.40;2.70;1.15;4.45;1.15;4.45;
4C7KTaRa;Mladá Boleslav;Pardubice;03.01.2017 17:00;5;1;1.90;4.40;3.34;1.95;4.50;3.15;4C7KTaRa;-2.5;+1.5;3.85;1.20;3.85;1.20;2.43;1.48;2.43;1.48;1.13;4.70;1.13;4.70;
Mm2PSJt6;Vítkovice;Plzeň;03.01.2017 17:00;2;4;1.88;4.30;3.45;1.95;4.20;3.25;Mm2PSJt6;-2.5;+1.5;4.20;1.17;4.20;1.17;2.50;1.45;2.50;1.45;1.12;5.05;1.12;5.05;
KO58W1ss;Sparta Praha;Zlín;30.12.2016 18:30;0;3;1.45;5.50;5.52;1.45;5.50;5.50;KO58W1ss;-3.5;+1.5;4.95;1.12;4.95;1.12;2.55;1.44;2.55;1.44;1.70;2.00;1.70;2.00;1.07;6.90;1.07;6.90;
ziUyxOJJ;Karlovy Vary;Mladá Boleslav;30.12.2016 18:00;3;4;2.28;4.20;2.65;2.25;4.40;2.63;ziUyxOJJ;-2.5;+2.5;4.95;1.12;4.95;1.12;3.00;1.32;3.00;1.32;1.23;3.60;1.23;3.60;1.09;6.00;1.09;6.00;
8pxjEKRC;Liberec;Olomouc;30.12.2016 18:00;3;2;1.38;5.80;6.43;1.37;6.00;6.40;8pxjEKRC;-3.5;-1.5;4.70;1.14;4.70;1.14;2.40;1.50;2.40;1.50;1.60;2.15;1.60;2.15;
nyyfDvsJ;Pardubice;Kometa Brno;30.12.2016 18:00;1;3;2.80;4.30;2.17;2.79;4.50;2.12;nyyfDvsJ;-2.5;+2.5;6.30;1.08;6.30;1.08;3.80;1.21;3.80;1.21;1.36;2.80;1.36;2.80;1.14;4.60;1.14;4.60;
QLnoF0C6;Litvínov;Vítkovice;30.12.2016 17:20;1;2;1.73;4.45;4.00;1.73;4.50;3.95;QLnoF0C6;-2.5;+1.5;3.60;1.23;3.60;1.23;2.22;1.57;2.22;1.57;1.09;5.95;1.09;5.95;
Wb9CVLdm;Třinec;Chomutov;30.12.2016 17:00;3;1;1.55;5.00;4.82;1.55;4.90;4.90;Wb9CVLdm;-3.5;+1.5;5.45;1.10;5.45;1.10;2.80;1.37;2.80;1.37;1.85;1.83;1.85;1.83;1.07;6.80;1.07;6.80;
CIrsGtc0;Chomutov;Pardubice;28.12.2016 18:20;1;3;1.72;4.60;3.94;1.73;4.70;3.80;CIrsGtc0;-3.5;+1.5;6.60;1.07;6.60;1.07;3.30;1.27;3.30;1.27;2.14;1.62;2.14;1.62;1.10;5.60;1.10;5.60;
IeqwHMsf;Kometa Brno;Litvínov;28.12.2016 18:00;2;1;1.67;4.70;4.15;1.68;4.70;4.10;IeqwHMsf;-3.5;+1.5;6.30;1.08;6.30;1.08;3.17;1.29;3.17;1.29;2.05;1.67;2.05;1.67;1.09;5.90;1.09;5.90;
dpsANO4Q;Olomouc;Třinec;28.12.2016 18:00;2;3;3.00;4.20;2.08;2.97;4.25;2.08;dpsANO4Q;-1.5;+2.5;4.25;1.17;4.25;1.17;1.36;2.80;1.36;2.80;1.13;4.75;1.13;4.75;
2Ns6O4kK;Mladá Boleslav;Plzeň;28.12.2016 17:30;2;4;1.95;4.40;3.20;1.95;4.40;3.20;2Ns6O4kK;-2.5;+1.5;4.20;1.17;4.20;1.17;2.55;1.44;2.55;1.44;1.14;4.60;1.14;4.60;
bgTyJrDs;Zlín;Liberec;28.12.2016 17:30;2;3;3.06;4.20;2.05;3.00;4.25;2.06;bgTyJrDs;-1.5;+2.5;7.00;1.06;7.00;1.06;4.45;1.15;4.45;1.15;1.37;2.77;1.37;2.77;1.13;4.70;1.13;4.70;
lKw2PpzE;Vítkovice;Karlovy Vary;28.12.2016 17:00;3;1;1.58;5.00;4.55;1.60;5.00;4.40;lKw2PpzE;-3.5;+1.5;6.30;1.08;6.30;1.08;3.10;1.30;3.10;1.30;1.96;1.74;1.96;1.74;1.07;6.70;1.07;6.70;
292X95zR;Liberec;Třinec;26.12.2016 17:20;3;0;2.10;4.30;2.82;2.10;4.30;2.91;292X95zR;-2.5;+2.5;4.90;1.12;4.90;1.12;2.87;1.35;2.87;1.35;1.18;4.10;1.18;4.10;1.06;7.00;1.06;7.00;
vkdB2NS0;Pardubice;Zlín;26.12.2016 17:00;3;2;2.25;4.25;2.68;2.25;4.30;2.66;vkdB2NS0;-2.5;+2.5;5.10;1.12;5.10;1.12;3.03;1.32;3.03;1.32;1.21;3.73;1.21;3.73;1.08;6.40;1.08;6.40;
8O0F1sr7;Sparta Praha;Chomutov;26.12.2016 17:00;2;3;1.52;5.50;4.70;1.52;5.50;4.70;8O0F1sr7;-3.5;+1.5;5.25;1.11;5.25;1.11;2.70;1.40;2.70;1.40;1.80;1.88;1.80;1.88;1.07;6.60;1.07;6.60;
nFaJ01cD;Plzeň;Olomouc;26.12.2016 16:30;1;2;1.78;4.60;3.66;1.82;4.60;3.50;nFaJ01cD;-2.5;+1.5;3.73;1.21;3.73;1.21;2.30;1.53;2.30;1.53;1.11;5.35;1.11;5.35;
IZ724qbl;Karlovy Vary;Kometa Brno;26.12.2016 15:30;4;2;3.72;5.30;1.69;3.55;5.15;1.73;IZ724qbl;-1.5;+3.5;5.35;1.11;5.35;1.11;1.64;2.10;1.64;2.10;1.27;3.30;1.27;3.30;1.07;6.60;1.07;6.60;
Klka5Prr;Vítkovice;Mladá Boleslav;26.12.2016 15:30;3;2;1.85;4.55;3.29;1.88;4.50;3.30;Klka5Prr;-2.5;+1.5;3.95;1.19;3.95;1.19;2.43;1.48;2.43;1.48;1.13;4.85;1.13;4.85;
6s9OBR5E;Kometa Brno;Vítkovice;22.12.2016 18:00;1;2;1.48;5.60;5.04;1.50;5.45;4.95;6s9OBR5E;-3.5;+1.5;5.20;1.11;5.20;1.11;2.66;1.40;2.66;1.40;1.76;1.93;1.76;1.93;1.06;7.00;1.06;7.00;
EmMxlOD7;Olomouc;Sparta Praha;22.12.2016 18:00;1;5;3.10;4.50;1.97;3.10;4.50;1.97;EmMxlOD7;-1.5;+2.5;4.40;1.15;4.40;1.15;1.43;2.57;1.43;2.57;1.17;4.20;1.17;4.20;
vVTPjQTl;Chomutov;Liberec;22.12.2016 17:30;0;3;2.71;4.20;2.25;2.73;4.25;2.22;vVTPjQTl;-2.5;+2.5;6.50;1.07;6.50;1.07;3.80;1.21;3.80;1.21;1.32;3.00;1.32;3.00;1.12;5.10;1.12;5.10;
ILSTkpqe;Mladá Boleslav;Litvínov;22.12.2016 17:30;3;6;2.40;4.20;2.50;2.45;4.20;2.46;ILSTkpqe;-2.5;+2.5;5.50;1.10;5.50;1.10;3.26;1.28;3.26;1.28;1.25;3.40;1.25;3.40;1.09;5.80;1.09;5.80;
OI3TAoLK;Zlín;Plzeň;22.12.2016 17:30;3;1;2.20;4.35;2.72;2.10;4.30;2.91;OI3TAoLK;-2.5;+2.5;4.95;1.12;4.95;1.12;2.96;1.33;2.96;1.33;1.21;3.80;1.21;3.80;1.07;6.50;1.07;6.50;
SjAKC7j8;Mountfield HK;Pardubice;22.12.2016 17:20;5;1;1.53;5.50;4.60;1.55;5.30;4.55;SjAKC7j8;-3.5;+1.5;6.00;1.09;6.00;1.09;2.97;1.33;2.97;1.33;1.90;1.80;1.90;1.80;1.08;6.40;1.08;6.40;
0pIYl4b1;Třinec;Karlovy Vary;22.12.2016 17:00;4;2;1.27;7.50;7.58;1.25;7.65;8.20;0pIYl4b1;-4.5;-1.5;6.30;1.08;6.30;1.08;3.73;1.21;3.73;1.21;2.00;1.70;2.00;1.70;1.42;2.60;1.42;2.60;
4jEuCz0c;Karlovy Vary;Olomouc;20.12.2016 18:00;2;3;2.45;4.20;2.45;2.37;4.30;2.51;4jEuCz0c;-2.5;+2.5;5.80;1.09;5.80;1.09;3.40;1.26;3.40;1.26;1.26;3.40;1.26;3.40;1.09;5.80;1.09;5.80;
QaFyDGpi;Pardubice;Liberec;20.12.2016 18:00;2;3;3.10;4.40;2.00;2.96;4.40;2.05;QaFyDGpi;-1.5;+2.5;4.50;1.15;4.50;1.15;1.40;2.60;1.40;2.60;1.16;4.35;1.16;4.35;
fu7h9YqG;Litvínov;Chomutov;20.12.2016 17:30;3;2;1.77;4.55;3.73;1.73;4.60;3.90;fu7h9YqG;-2.5;+1.5;6.80;1.07;6.80;1.07;3.56;1.23;3.56;1.23;2.24;1.56;2.24;1.56;1.11;5.35;1.11;5.35;
lrWhlX7j;Mladá Boleslav;Zlín;20.12.2016 17:30;2;3;1.82;4.65;3.47;1.85;4.60;3.40;lrWhlX7j;-2.5;+1.5;3.67;1.22;3.67;1.22;2.30;1.53;2.30;1.53;1.12;4.95;1.12;4.95;
bDDqBfF3;Plzeň;Kometa Brno;20.12.2016 17:20;2;1;2.70;4.40;2.20;2.61;4.40;2.26;bDDqBfF3;-2.5;+2.5;6.20;1.08;6.20;1.08;3.70;1.22;3.70;1.22;1.34;2.90;1.34;2.90;1.13;4.75;1.13;4.75;
CGHmAEU9;Třinec;Sparta Praha;20.12.2016 17:00;2;1;2.10;4.35;2.90;2.10;4.40;2.86;CGHmAEU9;-2.5;+2.5;4.55;1.14;4.55;1.14;2.77;1.37;2.77;1.37;1.18;4.05;1.18;4.05;1.06;6.90;1.06;6.90;
hCpNggpT;Kometa Brno;Mladá Boleslav;11.12.2016 17:00;4;1;1.57;5.50;4.30;1.57;5.45;4.30;hCpNggpT;-3.5;+1.5;5.75;1.09;5.75;1.09;2.90;1.34;2.90;1.34;1.90;1.80;1.90;1.80;1.08;6.10;1.08;6.10;
AiXlkDhp;Mountfield HK;Karlovy Vary;11.12.2016 17:00;3;0;1.43;6.00;5.05;1.43;5.70;5.60;AiXlkDhp;-3.5;-1.5;5.40;1.10;5.40;1.10;2.70;1.40;2.70;1.40;1.73;1.97;1.73;1.97;
txsJfZUM;Olomouc;Pardubice;11.12.2016 17:00;2;4;1.83;4.40;3.45;1.88;4.35;3.45;txsJfZUM;-2.5;+1.5;4.00;1.19;4.00;1.19;2.40;1.50;2.40;1.50;1.11;5.15;1.11;5.15;
Cdk2bHVc;Chomutov;Plzeň;11.12.2016 15:30;2;1;1.88;4.60;3.30;1.90;4.55;3.25;Cdk2bHVc;-2.5;+1.5;3.80;1.21;3.80;1.21;2.40;1.50;2.40;1.50;1.14;4.65;1.14;4.65;
bDiEeFFG;Litvínov;Třinec;11.12.2016 15:30;3;4;2.38;4.20;2.53;2.40;4.20;2.51;bDiEeFFG;-2.5;+2.5;5.60;1.10;5.60;1.10;3.30;1.27;3.30;1.27;1.24;3.53;1.24;3.53;1.08;6.10;1.08;6.10;
KMhAde0A;Zlín;Vítkovice;11.12.2016 15:30;4;3;2.13;4.20;2.90;2.15;4.20;2.86;KMhAde0A;-2.5;+1.5;4.85;1.13;4.85;1.13;2.86;1.35;2.86;1.35;1.17;4.15;1.17;4.15;
jml6cyo4;Liberec;Sparta Praha;11.12.2016 15:00;1;3;2.05;4.50;3.00;2.07;4.50;2.93;jml6cyo4;-2.5;+1.5;4.50;1.15;4.50;1.15;2.70;1.40;2.70;1.40;1.17;4.25;1.17;4.25;
0ILqtzGT;Karlovy Vary;Liberec;09.12.2016 18:00;5;3;4.01;4.80;1.68;4.10;4.75;1.67;0ILqtzGT;-1.5;+3.5;5.85;1.09;5.85;1.09;1.63;2.10;1.63;2.10;1.26;3.35;1.26;3.35;1.07;6.80;1.07;6.80;
0riuqxWA;Pardubice;Sparta Praha;09.12.2016 18:00;1;5;2.87;4.65;2.00;2.88;4.60;2.05;0riuqxWA;-2.5;+2.5;6.90;1.06;6.90;1.06;4.10;1.18;4.10;1.18;1.40;2.65;1.40;2.65;1.16;4.35;1.16;4.35;
UXacacGi;Litvínov;Zlín;09.12.2016 17:30;2;1;1.62;4.80;4.40;1.63;4.75;4.35;UXacacGi;-3.5;+1.5;6.60;1.07;6.60;1.07;3.23;1.28;3.23;1.28;2.04;1.68;2.04;1.68;1.08;6.40;1.08;6.40;
f5jqrdoH;Mladá Boleslav;Olomouc;09.12.2016 17:30;4;3;1.82;4.65;3.45;1.78;4.70;3.60;f5jqrdoH;-3.5;+1.5;7.10;1.06;7.10;1.06;3.80;1.21;3.80;1.21;2.34;1.50;2.34;1.50;1.12;4.95;1.12;4.95;
YekmsG0N;Kometa Brno;Mountfield HK;09.12.2016 17:20;4;3;1.73;4.70;3.85;1.70;4.65;4.00;YekmsG0N;-3.5;+1.5;6.70;1.07;6.70;1.07;3.40;1.26;3.40;1.26;2.16;1.60;2.16;1.60;1.10;5.50;1.10;5.50;
GUeg0w1o;Vítkovice;Chomutov;09.12.2016 17:00;4;3;1.95;4.50;3.15;1.95;4.50;3.15;GUeg0w1o;-2.5;+1.5;4.05;1.18;4.05;1.18;2.50;1.45;2.50;1.45;1.15;4.55;1.15;4.55;
2R7ByfOp;Plzeň;Třinec;08.12.2016 17:00;0;1;2.70;4.35;2.22;2.70;4.35;2.23;2R7ByfOp;-2.5;+2.5;6.50;1.07;6.50;1.07;3.80;1.21;3.80;1.21;1.32;3.00;1.32;3.00;1.12;5.05;1.12;5.05;
QPbSovnh;Mountfield HK;Mladá Boleslav;04.12.2016 17:00;3;1;1.80;4.60;3.58;1.82;4.60;3.50;QPbSovnh;-2.5;+1.5;3.70;1.22;3.70;1.22;2.30;1.53;2.30;1.53;1.11;5.15;1.11;5.15;
4GcWpb1b;Olomouc;Litvínov;04.12.2016 17:00;7;1;2.46;4.15;2.46;2.51;4.20;2.40;4GcWpb1b;-2.5;+2.5;6.20;1.08;6.20;1.08;3.50;1.24;3.50;1.24;1.24;3.50;1.24;3.50;1.08;6.20;1.08;6.20;
vZwCql5O;Plzeň;Liberec;04.12.2016 16:30;5;2;3.10;4.35;2.00;3.15;4.50;1.95;vZwCql5O;-1.5;+2.5;4.40;1.15;4.40;1.15;1.40;2.70;1.40;2.70;1.14;4.60;1.14;4.60;
j9sGr8KU;Karlovy Vary;Chomutov;04.12.2016 15:30;4;5;2.47;4.50;2.35;2.42;4.40;2.43;j9sGr8KU;-2.5;+2.5;5.60;1.10;5.60;1.10;3.35;1.26;3.35;1.26;1.29;3.16;1.29;3.16;1.11;5.25;1.11;5.25;
IaeKm0Hu;Zlín;Kometa Brno;04.12.2016 15:30;4;3;3.20;5.00;1.85;3.15;5.00;1.86;IaeKm0Hu;-2.5;+2.5;7.10;1.06;7.10;1.06;4.45;1.15;4.45;1.15;1.52;2.34;1.52;2.34;1.22;3.67;1.22;3.67;
djfOnKWo;Třinec;Pardubice;04.12.2016 15:00;3;2;1.43;5.80;5.53;1.42;5.80;5.70;djfOnKWo;-3.5;-1.5;4.85;1.13;4.85;1.13;2.50;1.45;2.50;1.45;1.67;2.04;1.67;2.04;
numypIG4;Sparta Praha;Vítkovice;04.12.2016 14:00;3;4;1.48;5.60;5.04;1.48;5.60;5.00;numypIG4;-3.5;+1.5;5.40;1.10;5.40;1.10;2.70;1.40;2.70;1.40;1.77;1.90;1.77;1.90;1.07;6.80;1.07;6.80;
fXKSitYO;Sparta Praha;Plzeň;02.12.2016 18:30;2;1;1.53;5.50;4.70;1.52;5.40;4.75;fXKSitYO;-3.5;+1.5;5.65;1.10;5.65;1.10;2.84;1.36;2.84;1.36;1.85;1.83;1.85;1.83;1.07;6.60;1.07;6.60;
AqJGfrl6;Olomouc;Kometa Brno;02.12.2016 18:00;5;2;3.05;4.60;1.97;3.00;4.70;1.97;AqJGfrl6;-2.5;+2.5;7.10;1.06;7.10;1.06;4.40;1.15;4.40;1.15;1.44;2.54;1.44;2.54;1.17;4.15;1.17;4.15;
rcHOhMII;Pardubice;Litvínov;02.12.2016 18:00;2;3;2.55;4.25;2.35;2.51;4.20;2.40;rcHOhMII;-2.5;+2.5;6.20;1.08;6.20;1.08;3.57;1.23;3.57;1.23;1.28;3.24;1.28;3.24;1.10;5.55;1.10;5.55;
dxaBGPAP;Chomutov;Mountfield HK;02.12.2016 17:20;5;4;2.20;4.30;2.74;2.22;4.30;2.71;dxaBGPAP;-2.5;+2.5;4.90;1.12;4.90;1.12;2.94;1.33;2.94;1.33;1.21;3.80;1.21;3.80;1.07;6.50;1.07;6.50;
EHP7d4Jg;Třinec;Vítkovice;02.12.2016 17:00;3;2;1.55;5.20;4.65;1.56;5.15;4.70;EHP7d4Jg;-3.5;+1.5;6.20;1.08;6.20;1.08;3.03;1.32;3.03;1.32;1.92;1.77;1.92;1.77;1.07;6.90;1.07;6.90;
lzIKg23C;Zlín;Karlovy Vary;02.12.2016 17:00;1;0;1.87;4.50;3.38;1.88;4.50;3.35;lzIKg23C;-2.5;+1.5;4.00;1.19;4.00;1.19;2.44;1.47;2.44;1.47;1.13;4.85;1.13;4.85;
h8OBeOYa;Liberec;Mladá Boleslav;01.12.2016 18:00;2;1;1.52;5.40;4.80;1.52;5.00;5.10;h8OBeOYa;-3.5;+1.5;5.70;1.09;5.70;1.09;2.85;1.35;2.85;1.35;1.84;1.84;1.84;1.84;1.06;6.90;1.06;6.90;
KEABkd69;Sparta Praha;Kometa Brno;29.11.2016 18:30;3;2;2.08;4.55;2.85;2.10;4.40;2.86;KEABkd69;-2.5;+2.5;4.35;1.16;4.35;1.16;2.70;1.40;2.70;1.40;1.21;3.77;1.21;3.77;1.08;6.20;1.08;6.20;
CE8geLwO;Liberec;Chomutov;29.11.2016 18:00;2;0;1.47;5.50;5.25;1.47;5.40;5.30;CE8geLwO;-3.5;-1.5;5.35;1.11;5.35;1.11;2.70;1.40;2.70;1.40;1.76;1.93;1.76;1.93;
nmgwsPJ6;Karlovy Vary;Sparta Praha;27.11.2016 18:20;3;4;4.60;5.30;1.55;4.25;5.20;1.60;nmgwsPJ6;-1.5;+3.5;6.50;1.07;6.50;1.07;1.84;1.84;1.84;1.84;1.37;2.77;1.37;2.77;1.10;5.40;1.10;5.40;
MJpT3nRJ;Mladá Boleslav;Třinec;27.11.2016 17:30;5;4;2.60;4.40;2.27;2.60;4.40;2.30;MJpT3nRJ;-2.5;+2.5;6.00;1.09;6.00;1.09;3.56;1.23;3.56;1.23;1.32;3.03;1.32;3.03;1.12;5.05;1.12;5.05;
6iMabQls;Kometa Brno;Chomutov;27.11.2016 17:00;3;0;1.50;6.00;4.56;1.50;5.70;4.75;6iMabQls;-3.5;+1.5;5.05;1.12;5.05;1.12;2.60;1.40;2.60;1.40;1.76;1.92;1.76;1.92;1.08;6.40;1.08;6.40;
KfQ3cp4m;Mountfield HK;Zlín;27.11.2016 17:00;4;1;1.55;5.10;4.73;1.55;5.10;4.75;KfQ3cp4m;-3.5;+1.5;5.95;1.09;5.95;1.09;2.95;1.33;2.95;1.33;1.90;1.80;1.90;1.80;1.06;6.90;1.06;6.90;
UBrrtqZC;Liberec;Litvínov;27.11.2016 16:30;1;2;1.60;4.80;4.56;1.67;4.70;4.15;UBrrtqZC;-3.5;+1.5;6.60;1.07;6.60;1.07;3.24;1.28;3.24;1.28;2.00;1.70;2.00;1.70;1.07;6.80;1.07;6.80;
0AqX26tQ;Vítkovice;Olomouc;27.11.2016 15:30;3;1;1.85;4.35;3.54;1.80;4.50;3.65;0AqX26tQ;-2.5;+1.5;4.15;1.17;4.15;1.17;2.46;1.47;2.46;1.47;1.11;5.30;1.11;5.30;
82snu3lJ;Plzeň;Pardubice;27.11.2016 15:00;3;4;1.80;4.55;3.60;1.84;4.60;3.45;82snu3lJ;-2.5;+1.5;3.66;1.22;3.66;1.22;2.30;1.53;2.30;1.53;1.11;5.20;1.11;5.20;
zk7ni9sE;Sparta Praha;Litvínov;25.11.2016 18:30;3;0;1.65;4.80;4.20;1.70;4.70;3.95;zk7ni9sE;-3.5;+1.5;6.50;1.07;6.50;1.07;3.24;1.28;3.24;1.28;2.06;1.66;2.06;1.66;1.09;5.90;1.09;5.90;
redMp7Ks;Liberec;Kometa Brno;25.11.2016 18:00;4;3;2.00;4.55;3.00;2.10;4.55;2.80;redMp7Ks;-2.5;+2.5;4.35;1.16;4.35;1.16;2.63;1.40;2.63;1.40;1.17;4.25;1.17;4.25;1.06;6.90;1.06;6.90;
YqkZs540;Chomutov;Mladá Boleslav;25.11.2016 17:30;2;1;2.05;4.45;2.94;2.05;4.40;2.96;YqkZs540;-2.5;+2.5;4.25;1.17;4.25;1.17;2.64;1.40;2.64;1.40;1.18;4.05;1.18;4.05;1.07;6.70;1.07;6.70;
0WjRqRZm;Plzeň;Karlovy Vary;25.11.2016 17:30;3;1;1.60;5.00;4.39;1.63;5.00;4.20;0WjRqRZm;-3.5;+1.5;6.10;1.08;6.10;1.08;3.05;1.31;3.05;1.31;1.96;1.73;1.96;1.73;1.08;6.30;1.08;6.30;
nPAjjTdK;Olomouc;Zlín;25.11.2016 17:20;3;1;2.00;4.25;3.15;1.95;4.35;3.25;nPAjjTdK;-2.5;+2.5;4.40;1.15;4.40;1.15;2.66;1.40;2.66;1.40;1.15;4.40;1.15;4.40;1.06;7.10;1.06;7.10;
tnAfkmCQ;Třinec;Mountfield HK;25.11.2016 17:00;3;4;1.65;4.75;4.24;1.66;4.70;4.20;tnAfkmCQ;-3.5;+1.5;6.60;1.07;6.60;1.07;3.26;1.28;3.26;1.28;2.06;1.66;2.06;1.66;1.08;6.20;1.08;6.20;
lb27RQ76;Zlín;Liberec;22.11.2016 17:30;0;5;3.10;4.35;2.00;3.60;4.60;1.80;lb27RQ76;-2.5;-1.5;7.00;1.06;7.00;1.06;4.45;1.15;4.45;1.15;1.40;2.65;1.40;2.65;1.15;4.40;1.15;4.40;
xdtGCM8b;Vítkovice;Kometa Brno;22.11.2016 17:00;2;1;2.94;4.45;2.05;2.95;4.46;2.05;xdtGCM8b;-2.5;+2.5;7.00;1.06;7.00;1.06;4.15;1.18;4.15;1.18;1.40;2.70;1.40;2.70;1.15;4.45;1.15;4.45;
fgUaT5k7;Mladá Boleslav;Sparta Praha;20.11.2016 17:30;3;4;2.50;4.40;2.35;2.53;4.30;2.35;fgUaT5k7;-2.5;+2.5;5.50;1.10;5.50;1.10;3.33;1.26;3.33;1.26;1.30;3.10;1.30;3.10;1.12;5.05;1.12;5.05;
44ymW75l;Kometa Brno;Třinec;20.11.2016 17:20;3;2;1.88;4.60;3.35;1.88;4.60;3.40;44ymW75l;-2.5;+1.5;3.85;1.20;3.85;1.20;2.40;1.50;2.40;1.50;1.13;4.75;1.13;4.75;
nTQiVRKf;Mountfield HK;Olomouc;20.11.2016 17:00;3;2;1.58;5.00;4.55;1.55;5.00;4.70;nTQiVRKf;-3.5;+1.5;6.30;1.08;6.30;1.08;3.10;1.30;3.10;1.30;1.96;1.74;1.96;1.74;1.07;6.70;1.07;6.70;
j1XrXmjr;Karlovy Vary;Pardubice;20.11.2016 15:30;4;3;2.48;4.30;2.40;2.45;4.30;2.43;j1XrXmjr;-2.5;+2.5;5.75;1.09;5.75;1.09;3.40;1.26;3.40;1.26;1.28;3.26;1.28;3.26;1.10;5.50;1.10;5.50;
QJPeUoz1;Litvínov;Plzeň;20.11.2016 15:30;2;0;1.73;4.65;3.85;1.70;4.60;4.05;QJPeUoz1;-3.5;+1.5;6.80;1.07;6.80;1.07;3.54;1.24;3.54;1.24;2.20;1.58;2.20;1.58;1.10;5.65;1.10;5.65;
b59FlGLF;Vítkovice;Liberec;20.11.2016 15:30;0;2;2.96;4.20;2.10;2.80;4.30;2.16;b59FlGLF;-2.5;+2.5;7.00;1.06;7.00;1.06;4.35;1.16;4.35;1.16;1.35;2.90;1.35;2.90;1.12;5.00;1.12;5.00;
YqT3SP4D;Zlín;Chomutov;20.11.2016 15:30;1;2;2.18;4.35;2.75;2.20;4.30;2.74;YqT3SP4D;-2.5;+2.5;4.75;1.13;4.75;1.13;2.90;1.34;2.90;1.34;1.21;3.73;1.21;3.73;1.08;6.30;1.08;6.30;
v3gEjxi3;Liberec;Mountfield HK;18.11.2016 18:00;2;1;1.65;4.65;4.32;1.65;4.60;4.35;v3gEjxi3;-3.5;+1.5;7.10;1.06;7.10;1.06;3.44;1.25;3.44;1.25;2.10;1.63;2.10;1.63;1.07;6.50;1.07;6.50;
jsDJUfUq;Pardubice;Mladá Boleslav;18.11.2016 18:00;2;3;2.30;4.40;2.56;2.25;4.30;2.66;jsDJUfUq;-2.5;+2.5;5.15;1.11;5.15;1.11;3.10;1.31;3.10;1.31;1.24;3.50;1.24;3.50;1.09;5.95;1.09;5.95;
lYQiZzMS;Chomutov;Olomouc;18.11.2016 17:30;5;4;1.72;4.60;3.95;1.72;4.55;4.00;lYQiZzMS;-3.5;+1.5;6.90;1.06;6.90;1.06;3.44;1.25;3.44;1.25;2.17;1.60;2.17;1.60;1.09;5.75;1.09;5.75;
Y52OTEqj;Plzeň;Vítkovice;18.11.2016 17:30;3;5;1.85;4.50;3.45;1.87;4.40;3.45;Y52OTEqj;-2.5;+1.5;4.05;1.18;4.05;1.18;2.44;1.48;2.44;1.48;1.11;5.10;1.11;5.10;
n96SSYbd;Litvínov;Karlovy Vary;18.11.2016 17:20;2;1;1.38;6.40;5.82;1.37;6.40;6.00;n96SSYbd;-3.5;-1.5;4.85;1.13;4.85;1.13;2.46;1.47;2.46;1.47;1.62;2.12;1.62;2.12;
0CfAiIyc;Třinec;Zlín;18.11.2016 17:00;7;1;1.47;5.60;5.16;1.46;5.50;5.40;0CfAiIyc;-3.5;+1.5;5.30;1.11;5.30;1.11;2.67;1.40;2.67;1.40;1.75;1.94;1.75;1.94;1.06;7.00;1.06;7.00;
6yGXwa7c;Kometa Brno;Pardubice;15.11.2016 18:00;2;3;1.31;7.50;6.40;1.31;7.20;6.60;6yGXwa7c;-4.5;-1.5;5.30;1.10;5.30;1.10;3.40;1.25;3.40;1.25;1.98;1.72;1.98;1.72;1.44;2.54;1.44;2.54;
bqYvxwxA;Mountfield HK;Plzeň;15.11.2016 18:00;1;4;1.75;4.60;3.79;1.76;4.50;3.80;bqYvxwxA;-3.5;+1.5;7.00;1.06;7.00;1.06;3.50;1.24;3.50;1.24;2.20;1.58;2.20;1.58;1.10;5.45;1.10;5.45;
KbMmzH6M;Chomutov;Třinec;15.11.2016 17:30;5;4;2.75;4.40;2.15;2.73;4.40;2.18;KbMmzH6M;-2.5;+2.5;6.50;1.07;6.50;1.07;3.80;1.21;3.80;1.21;1.34;2.90;1.34;2.90;1.13;4.85;1.13;4.85;
t8NqyciG;Zlín;Sparta Praha;15.11.2016 17:30;0;4;2.74;4.50;2.15;2.82;4.50;2.10;t8NqyciG;-2.5;+2.5;6.30;1.08;6.30;1.08;3.75;1.21;3.75;1.21;1.36;2.80;1.36;2.80;1.14;4.60;1.14;4.60;
SpHTvuhi;Olomouc;Liberec;15.11.2016 17:20;0;4;3.06;4.20;2.05;3.05;4.25;2.05;SpHTvuhi;-1.5;+2.5;6.90;1.06;6.90;1.06;4.50;1.15;4.50;1.15;1.37;2.80;1.37;2.80;1.13;4.80;1.13;4.80;
0bFywJM3;Mladá Boleslav;Karlovy Vary;15.11.2016 17:00;1;4;1.37;6.20;6.20;1.37;6.20;6.20;0bFywJM3;-4.5;-1.5;7.00;1.06;7.00;1.06;4.30;1.16;4.30;1.16;2.30;1.54;2.30;1.54;1.57;2.23;1.57;2.23;
jTXpGeFj;Vítkovice;Litvínov;15.11.2016 17:00;4;1;2.52;4.20;2.40;2.50;4.25;2.40;jTXpGeFj;-2.5;+2.5;6.40;1.08;6.40;1.08;3.60;1.23;3.60;1.23;1.25;3.40;1.25;3.40;1.08;6.10;1.08;6.10;
fcnFLHiT;Litvínov;Kometa Brno;13.11.2016 17:30;3;2;2.50;4.40;2.40;2.43;4.40;2.42;fcnFLHiT;
CEfbPah4;Plzeň;Mladá Boleslav;13.11.2016 16:30;1;0;2.30;4.30;2.60;2.32;4.30;2.57;CEfbPah4;-2.5;+2.5;5.15;1.11;5.15;1.11;3.10;1.31;3.10;1.31;1.23;3.56;1.23;3.56;1.09;6.00;1.09;6.00;
bVh6NwNG;Liberec;Zlín;13.11.2016 16:00;4;0;1.53;5.30;4.75;1.55;5.30;4.55;bVh6NwNG;-3.5;+1.5;5.85;1.09;5.85;1.09;2.90;1.34;2.90;1.34;1.87;1.82;1.87;1.82;1.06;6.90;1.06;6.90;
YNefQuwb;Karlovy Vary;Vítkovice;13.11.2016 15:30;5;4;2.86;4.20;2.15;2.94;4.32;2.08;YNefQuwb;-1.5;+2.5;4.20;1.17;4.20;1.17;1.33;2.96;1.33;2.96;1.11;5.15;1.11;5.15;
CxZtHy0p;Pardubice;Chomutov;13.11.2016 15:00;4;1;2.33;4.30;2.55;2.35;4.30;2.53;CxZtHy0p;-2.5;+2.5;5.10;1.12;5.10;1.12;3.10;1.31;3.10;1.31;1.25;3.44;1.25;3.44;1.09;5.70;1.09;5.70;
tfrBMcxN;Sparta Praha;Mountfield HK;13.11.2016 15:00;2;3;1.70;4.60;4.05;1.70;4.60;4.05;tfrBMcxN;-3.5;+1.5;6.60;1.07;6.60;1.07;3.30;1.27;3.30;1.27;2.10;1.63;2.10;1.63;1.09;5.80;1.09;5.80;
Kvf2OJ7A;Třinec;Olomouc;13.11.2016 15:00;4;0;1.47;5.40;5.34;1.50;5.25;5.10;Kvf2OJ7A;-3.5;-1.5;5.40;1.10;5.40;1.10;2.70;1.40;2.70;1.40;1.76;1.92;1.76;1.92;
48XW8v8N;Kometa Brno;Karlovy Vary;11.11.2016 18:00;8;2;1.20;8.38;10.00;1.21;8.40;9.30;48XW8v8N;-5.5;-1.5;5.70;1.09;5.70;1.09;4.00;1.19;4.00;1.19;2.60;1.41;2.60;1.41;1.68;2.10;1.68;2.10;1.28;3.24;1.28;3.24;
MqSy8bNT;Mountfield HK;Litvínov;11.11.2016 18:00;0;3;1.90;4.15;3.50;1.95;4.20;3.30;MqSy8bNT;-2.5;+1.5;4.10;1.18;4.10;1.18;2.50;1.46;2.50;1.46;1.11;5.15;1.11;5.15;
ja6kRLNi;Olomouc;Plzeň;11.11.2016 18:00;2;5;2.05;4.20;3.06;2.10;4.30;2.91;ja6kRLNi;-2.5;+2.5;4.50;1.15;4.50;1.15;2.70;1.40;2.70;1.40;1.16;4.35;1.16;4.35;1.06;7.00;1.06;7.00;
xd2oS18o;Chomutov;Sparta Praha;11.11.2016 17:30;6;5;2.43;4.35;2.43;2.46;4.30;2.42;xd2oS18o;-2.5;+2.5;5.40;1.10;5.40;1.10;3.25;1.28;3.25;1.28;1.28;3.25;1.28;3.25;1.10;5.40;1.10;5.40;
QHYS9KhH;Mladá Boleslav;Vítkovice;11.11.2016 17:30;3;2;1.75;4.50;3.70;1.77;4.50;3.75;QHYS9KhH;-3.5;+1.5;6.80;1.07;6.80;1.07;3.60;1.23;3.60;1.23;2.25;1.56;2.25;1.56;1.10;5.45;1.10;5.45;
OhE33IVp;Zlín;Pardubice;11.11.2016 17:30;4;5;1.75;4.50;3.86;1.76;4.50;3.80;OhE33IVp;-3.5;+1.5;6.90;1.06;6.90;1.06;3.47;1.25;3.47;1.25;2.20;1.58;2.20;1.58;1.10;5.55;1.10;5.55;
WfZOA0wB;Třinec;Liberec;11.11.2016 17:00;1;2;1.97;4.35;3.17;1.95;4.40;3.20;WfZOA0wB;-2.5;+1.5;4.40;1.16;4.40;1.16;2.60;1.42;2.60;1.42;1.14;4.60;1.14;4.60;
b5sCD2gh;Pardubice;Mountfield HK;09.11.2016 18:00;3;4;2.64;4.10;2.35;2.60;4.15;2.35;b5sCD2gh;-2.5;+2.5;6.40;1.08;6.40;1.08;3.70;1.22;3.70;1.22;1.28;3.23;1.28;3.23;1.10;5.55;1.10;5.55;
QHCcfugU;Litvínov;Mladá Boleslav;09.11.2016 17:30;3;2;1.90;4.45;3.32;1.92;4.40;3.30;QHCcfugU;-2.5;+1.5;3.85;1.20;3.85;1.20;2.43;1.48;2.43;1.48;1.14;4.70;1.14;4.70;
KKVKBtO4;Plzeň;Zlín;09.11.2016 17:30;1;3;1.97;4.50;3.10;1.97;4.40;3.15;KKVKBtO4;-2.5;+2.5;4.10;1.18;4.10;1.18;2.54;1.44;2.54;1.44;1.16;4.35;1.16;4.35;1.06;7.10;1.06;7.10;
juv4FOOu;Karlovy Vary;Třinec;09.11.2016 17:20;0;3;4.55;5.00;1.58;4.75;4.90;1.58;juv4FOOu;-1.5;+3.5;6.60;1.07;6.60;1.07;1.76;1.93;1.76;1.93;1.32;3.00;1.32;3.00;1.09;6.00;1.09;6.00;
Ymuoa3va;Kometa Brno;Plzeň;30.10.2016 17:00;8;5;1.40;6.50;5.42;1.40;6.50;5.40;Ymuoa3va;-3.5;-1.5;6.80;1.07;6.80;1.07;4.40;1.16;4.40;1.16;2.33;1.52;2.33;1.52;1.60;2.16;1.60;2.16;
Ii9kd1OH;Mountfield HK;Vítkovice;30.10.2016 17:00;2;1;1.73;4.35;4.10;1.72;4.40;4.10;Ii9kd1OH;-3.5;+1.5;7.10;1.06;7.10;1.06;3.50;1.24;3.50;1.24;2.20;1.58;2.20;1.58;1.09;6.00;1.09;6.00;
vRus0qPh;Olomouc;Karlovy Vary;30.10.2016 17:00;3;0;1.63;4.85;4.30;1.61;4.85;4.45;vRus0qPh;-3.5;+1.5;6.70;1.07;6.70;1.07;3.30;1.27;3.30;1.27;2.05;1.67;2.05;1.67;1.08;6.40;1.08;6.40;
QNyw1P9n;Liberec;Pardubice;30.10.2016 16:00;4;2;1.37;6.00;6.41;1.37;5.90;6.50;QNyw1P9n;-3.5;-1.5;4.75;1.13;4.75;1.13;2.40;1.48;2.40;1.48;1.60;2.16;1.60;2.16;
v1Aocs9B;Chomutov;Litvínov;30.10.2016 15:30;2;4;2.10;4.20;2.96;2.10;4.20;2.91;v1Aocs9B;-2.5;+2.5;4.45;1.15;4.45;1.15;2.73;1.38;2.73;1.38;1.18;4.10;1.18;4.10;1.07;6.90;1.07;6.90;
ranY15ft;Zlín;Mladá Boleslav;30.10.2016 15:30;1;5;2.15;4.40;2.78;2.15;4.35;2.80;ranY15ft;-2.5;+2.5;4.60;1.14;4.60;1.14;2.80;1.36;2.80;1.36;1.20;3.80;1.20;3.80;1.08;6.40;1.08;6.40;
CvvkbNg5;Třinec;Sparta Praha;30.10.2016 15:20;3;2;1.90;4.55;3.30;1.90;4.55;3.25;CvvkbNg5;-2.5;+1.5;3.85;1.20;3.85;1.20;2.40;1.48;2.40;1.48;1.14;4.65;1.14;4.65;
6ZO4JXPD;Karlovy Vary;Mountfield HK;28.10.2016 18:00;0;2;2.62;4.20;2.25;2.68;4.25;2.25;6ZO4JXPD;-2.5;+2.5;6.40;1.08;6.40;1.08;3.70;1.22;3.70;1.22;1.31;3.10;1.31;3.10;1.11;5.20;1.11;5.20;
IJVMflmD;Mladá Boleslav;Kometa Brno;28.10.2016 17:20;2;4;2.60;4.60;2.22;2.62;4.50;2.23;IJVMflmD;-2.5;+2.5;5.65;1.10;5.65;1.10;3.46;1.25;3.46;1.25;1.35;2.90;1.35;2.90;1.14;4.60;1.14;4.60;
vTWIeUX6;Pardubice;Olomouc;28.10.2016 17:00;2;1;2.25;4.20;2.70;2.20;4.25;2.76;vTWIeUX6;-2.5;+2.5;5.25;1.11;5.25;1.11;3.07;1.31;3.07;1.31;1.21;3.80;1.21;3.80;1.07;6.60;1.07;6.60;
d4sEdAI0;Třinec;Litvínov;28.10.2016 17:00;2;3;1.55;5.00;4.82;1.56;4.70;5.00;d4sEdAI0;-3.5;+1.5;5.70;1.09;5.70;1.09;2.90;1.35;2.90;1.35;1.87;1.80;1.87;1.80;1.06;6.90;1.06;6.90;
pUwAcj3f;Vítkovice;Zlín;28.10.2016 17:00;2;1;2.02;4.25;3.10;2.00;4.25;3.15;pUwAcj3f;-2.5;+1.5;4.40;1.15;4.40;1.15;2.66;1.40;2.66;1.40;1.15;4.45;1.15;4.45;
CGu2aCYs;Plzeň;Chomutov;28.10.2016 16:30;2;1;2.25;4.35;2.64;2.25;4.35;2.64;CGu2aCYs;-2.5;+2.5;4.90;1.12;4.90;1.12;2.97;1.33;2.97;1.33;1.23;3.60;1.23;3.60;1.09;6.00;1.09;6.00;
j7v6bWml;Sparta Praha;Liberec;25.10.2016 18:30;1;4;1.85;4.60;3.40;1.86;4.50;3.50;j7v6bWml;-2.5;+1.5;3.80;1.21;3.80;1.21;2.37;1.50;2.37;1.50;1.13;4.75;1.13;4.75;
EsTuyrZP;Plzeň;Mountfield HK;25.10.2016 17:30;3;1;2.48;4.30;2.40;2.48;4.30;2.40;EsTuyrZP;-2.5;+2.5;5.80;1.09;5.80;1.09;3.40;1.25;3.40;1.25;1.27;3.27;1.27;3.27;1.10;5.55;1.10;5.55;
hWbV4YAK;Chomutov;Vítkovice;23.10.2016 17:20;4;0;1.95;4.35;3.23;1.95;4.40;3.20;hWbV4YAK;-2.5;+1.5;4.25;1.17;4.25;1.17;2.56;1.43;2.56;1.43;1.14;4.65;1.14;4.65;
tYUtb2x8;Mountfield HK;Kometa Brno;23.10.2016 17:00;5;1;2.99;4.35;2.05;2.89;4.35;2.10;tYUtb2x8;-2.5;+2.5;6.90;1.06;6.90;1.06;4.15;1.18;4.15;1.18;1.40;2.65;1.40;2.65;1.16;4.25;1.16;4.25;
Olomouc;5.25;1.11;5.25;Mladá Boleslav;-2.5;2;2sWxarN1;1;2sWxarN1;23.10.2016 17:00;2sWxarN1;3.10;1.30;3.10;1.30;1.22;3.66;1.22;3.66;1.08;6.30;1.08;6.30;
WMcZ3hQQ;Zlín;Litvínov;23.10.2016 17:00;4;1;2.25;4.20;2.70;2.05;4.40;2.78;WMcZ3hQQ;
p6eN6ft8;Liberec;Karlovy Vary;23.10.2016 16:30;2;0;1.35;6.50;6.33;1.35;6.30;6.50;p6eN6ft8;-4.5;-1.5;7.00;1.06;7.00;1.06;4.20;1.17;4.20;1.17;2.24;1.56;2.24;1.56;1.54;2.30;1.54;2.30;
fHWYaO7e;Sparta Praha;Pardubice;23.10.2016 15:00;4;1;1.35;6.05;6.82;1.35;6.20;6.60;fHWYaO7e;-4.5;-1.5;5.70;1.10;5.70;1.10;3.95;1.19;3.95;1.19;2.15;1.60;2.15;1.60;1.52;2.34;1.52;2.34;
b9aR5EeE;Třinec;Plzeň;23.10.2016 15:00;3;4;1.30;6.50;7.72;1.30;6.50;7.70;b9aR5EeE;-4.5;-1.5;5.30;1.12;5.30;1.12;3.50;1.25;3.50;1.25;2.05;1.67;2.05;1.67;1.46;2.50;1.46;2.50;
6ibo9Sp9;Karlovy Vary;Chomutov;21.10.2016 18:00;4;3;2.86;4.40;2.10;2.86;4.40;2.10;6ibo9Sp9;-2.5;+2.5;6.50;1.07;6.50;1.07;3.90;1.20;3.90;1.20;1.40;2.70;1.40;2.70;1.16;4.35;1.16;4.35;
2Jif76FL;Pardubice;Třinec;21.10.2016 18:00;0;4;3.30;4.50;1.90;3.30;4.50;1.90;2Jif76FL;-1.5;+2.5;4.60;1.14;4.60;1.14;1.48;2.40;1.48;2.40;1.20;3.83;1.20;3.83;
Y1rQ1pwq;Litvínov;Olomouc;21.10.2016 17:30;3;2;1.70;4.70;3.80;1.75;4.60;3.80;Y1rQ1pwq;-2.5;+1.5;3.56;1.23;3.56;1.23;2.20;1.58;2.20;1.58;1.09;5.75;1.09;5.75;
dtib6QUR;Mladá Boleslav;Mountfield HK;21.10.2016 17:30;3;1;1.90;4.40;3.22;2.00;4.40;3.10;dtib6QUR;-2.5;+1.5;3.90;1.20;3.90;1.20;2.45;1.47;2.45;1.47;1.14;4.60;1.14;4.60;
S0asA8V2;Plzeň;Liberec;21.10.2016 17:30;0;5;2.80;4.50;2.10;2.78;4.40;2.15;S0asA8V2;-2.5;+2.5;6.70;1.07;6.70;1.07;3.95;1.19;3.95;1.19;1.37;2.80;1.37;2.80;1.14;4.65;1.14;4.65;
OShj8n0F;Kometa Brno;Zlín;21.10.2016 17:20;4;2;1.35;6.50;6.33;1.35;6.40;7.00;OShj8n0F;-4.5;-1.5;6.80;1.07;6.80;1.07;4.10;1.18;4.10;1.18;2.20;1.58;2.20;1.58;1.53;2.30;1.53;2.30;
GQXU04hk;Vítkovice;Sparta Praha;21.10.2016 17:00;3;1;2.90;4.30;2.10;2.86;4.40;2.10;GQXU04hk;-2.5;+2.5;6.90;1.06;6.90;1.06;4.10;1.18;4.10;1.18;1.37;2.77;1.37;2.77;1.14;4.60;1.14;4.60;
2HCwoC4d;Sparta Praha;Karlovy Vary;18.10.2016 18:30;3;1;1.27;7.50;7.60;1.27;7.70;7.40;2HCwoC4d;-4.5;-1.5;4.80;1.12;4.80;1.12;3.20;1.30;3.20;1.30;1.85;1.87;1.85;1.87;1.40;2.70;1.40;2.70;
0bc733Df;Litvínov;Mountfield HK;18.10.2016 17:30;3;2;2.05;4.20;3.06;2.12;4.30;2.87;0bc733Df;-2.5;+2.5;4.50;1.15;4.50;1.15;2.70;1.40;2.70;1.40;1.16;4.35;1.16;4.35;1.06;6.90;1.06;6.90;
pbNv1RbP;Vítkovice;Plzeň;18.10.2016 17:00;4;1;1.92;4.50;3.25;1.92;4.50;3.25;pbNv1RbP;-2.5;+1.5;4.10;1.18;4.10;1.18;2.50;1.46;2.50;1.46;1.13;4.80;1.13;4.80;
ryU80i4q;Vítkovice;Třinec;16.10.2016 18:20;0;5;2.90;4.40;2.08;2.96;4.35;2.06;ryU80i4q;-2.5;+2.5;6.90;1.07;6.90;1.07;4.05;1.18;4.05;1.18;1.38;2.73;1.38;2.73;1.15;4.50;1.15;4.50;
69F3MYQ2;Litvínov;Pardubice;16.10.2016 17:30;2;0;1.78;4.60;3.66;1.83;4.50;3.50;69F3MYQ2;-2.5;+1.5;3.64;1.22;3.64;1.22;2.27;1.54;2.27;1.54;1.11;5.30;1.11;5.30;
dvYCaBJk;Mladá Boleslav;Liberec;16.10.2016 17:30;0;3;2.30;4.30;2.60;2.30;4.25;2.61;dvYCaBJk;-2.5;+2.5;5.00;1.12;5.00;1.12;3.05;1.31;3.05;1.31;1.24;3.50;1.24;3.50;1.09;5.85;1.09;5.85;
j1XGbVYe;Kometa Brno;Olomouc;16.10.2016 17:00;5;3;1.32;6.30;7.80;1.33;6.30;7.30;j1XGbVYe;-4.5;-1.5;6.00;1.09;6.00;1.09;3.65;1.22;3.65;1.22;2.02;1.70;2.02;1.70;1.46;2.50;1.46;2.50;
vNDBKCeF;Mountfield HK;Chomutov;16.10.2016 17:00;3;2;1.82;4.50;3.56;1.83;4.50;3.50;vNDBKCeF;-2.5;+1.5;3.63;1.23;3.63;1.23;2.30;1.53;2.30;1.53;1.12;4.90;1.12;4.90;
UiWKckl2;Karlovy Vary;Zlín;16.10.2016 15:30;7;4;2.70;4.40;2.20;2.80;4.30;2.16;UiWKckl2;-2.5;+2.5;6.40;1.08;6.40;1.08;3.76;1.21;3.76;1.21;1.33;2.95;1.33;2.95;1.12;4.95;1.12;4.95;
p0E7Lht9;Plzeň;Sparta Praha;16.10.2016 15:00;0;5;2.78;4.40;2.15;2.78;4.40;2.15;p0E7Lht9;-2.5;+2.5;6.50;1.07;6.50;1.07;3.90;1.19;3.90;1.19;1.40;2.70;1.40;2.70;1.15;4.40;1.15;4.40;
jwgY6gRF;Olomouc;Vítkovice;14.10.2016 18:00;2;4;2.00;4.40;3.10;2.00;4.40;3.05;jwgY6gRF;-2.5;+1.5;4.50;1.15;4.50;1.15;2.67;1.40;2.67;1.40;1.15;4.50;1.15;4.50;
b3hx6DtM;Chomutov;Kometa Brno;14.10.2016 17:30;4;3;3.35;4.50;1.92;3.15;4.60;1.93;b3hx6DtM;-1.5;+3.5;7.00;1.06;7.00;1.06;4.50;1.15;4.50;1.15;1.50;2.37;1.50;2.37;1.23;3.63;1.23;3.63;1.06;7.00;1.06;7.00;
GK0L9esc;Litvínov;Liberec;14.10.2016 17:30;3;2;2.30;4.30;2.60;2.30;4.30;2.60;GK0L9esc;-2.5;+2.5;5.20;1.11;5.20;1.11;3.10;1.30;3.10;1.30;1.23;3.60;1.23;3.60;1.08;6.10;1.08;6.10;
xfit5XeS;Zlín;Mountfield HK;14.10.2016 17:30;3;2;2.40;4.30;2.50;2.35;4.30;2.53;xfit5XeS;-2.5;+2.5;5.50;1.10;5.50;1.10;3.27;1.28;3.27;1.28;1.26;3.40;1.26;3.40;1.09;5.75;1.09;5.75;
UN4P8Fd3;Pardubice;Plzeň;14.10.2016 17:20;4;2;2.00;4.50;3.03;2.00;4.40;3.05;UN4P8Fd3;-2.5;+2.5;4.40;1.16;4.40;1.16;2.64;1.40;2.64;1.40;1.16;4.35;1.16;4.35;1.06;7.10;1.06;7.10;
CnfU7ZB9;Třinec;Mladá Boleslav;14.10.2016 17:00;4;3;1.55;5.00;4.82;1.55;5.10;4.85;CnfU7ZB9;-3.5;+1.5;4.95;1.12;4.95;1.12;2.63;1.40;2.63;1.40;1.80;1.88;1.80;1.88;1.07;6.60;1.07;6.60;
0YTJzVpK;Pardubice;Zlín;11.10.2016 18:00;2;3;2.20;4.40;2.78;2.20;4.40;2.74;0YTJzVpK;-2.5;+2.5;4.80;1.13;4.80;1.13;2.90;1.34;2.90;1.34;1.21;3.80;1.21;3.80;1.07;6.40;1.07;6.40;
z3dc5tjB;Kometa Brno;Liberec;09.10.2016 18:20;5;1;1.68;4.80;4.20;1.73;4.80;3.90;z3dc5tjB;-3.5;+1.5;6.10;1.08;6.10;1.08;3.10;1.30;3.10;1.30;2.04;1.68;2.04;1.68;1.09;5.85;1.09;5.85;
G2ko8r6h;Litvínov;Sparta Praha;09.10.2016 17:30;5;1;2.91;4.30;2.05;3.00;4.30;2.05;G2ko8r6h;-2.5;+2.5;6.80;1.07;6.80;1.07;4.05;1.18;4.05;1.18;1.40;2.70;1.40;2.70;1.16;4.35;1.16;4.35;
OQDZohkj;Mladá Boleslav;Chomutov;09.10.2016 17:30;4;2;2.03;4.50;2.95;1.95;4.45;3.15;OQDZohkj;-2.5;+2.5;4.10;1.18;4.10;1.18;2.60;1.42;2.60;1.42;1.18;4.05;1.18;4.05;1.07;6.70;1.07;6.70;
xIwf6Mz5;Mountfield HK;Třinec;09.10.2016 17:00;3;2;2.66;4.30;2.25;2.67;4.27;2.26;xIwf6Mz5;-2.5;+2.5;6.40;1.08;6.40;1.08;3.70;1.22;3.70;1.22;1.31;3.04;1.31;3.04;1.11;5.15;1.11;5.15;
6kJUnYZq;Vítkovice;Pardubice;09.10.2016 17:00;2;0;1.95;4.40;3.20;1.97;4.35;3.15;6kJUnYZq;-2.5;+1.5;4.00;1.19;4.00;1.19;2.50;1.45;2.50;1.45;1.15;4.50;1.15;4.50;
fglk72Lb;Zlín;Olomouc;09.10.2016 17:00;3;1;2.10;4.30;2.91;2.10;4.30;2.91;fglk72Lb;-2.5;+1.5;4.75;1.13;4.75;1.13;2.80;1.36;2.80;1.36;1.17;4.15;1.17;4.15;
UPe1405H;Karlovy Vary;Plzeň;09.10.2016 15:30;1;2;2.82;4.30;2.15;2.80;4.25;2.17;UPe1405H;-2.5;+2.5;6.60;1.07;6.60;1.07;3.90;1.20;3.90;1.20;1.36;2.84;1.36;2.84;1.14;4.65;1.14;4.65;
8xnwA4yt;Sparta Praha;Mladá Boleslav;07.10.2016 18:30;9;0;1.70;4.60;4.05;1.70;4.60;4.05;8xnwA4yt;
Gn1Nh365;Liberec;Vítkovice;07.10.2016 18:00;3;1;1.65;4.70;4.28;1.65;4.70;4.30;Gn1Nh365;-3.5;+1.5;6.40;1.08;6.40;1.08;3.20;1.29;3.20;1.29;2.04;1.67;2.04;1.67;1.08;6.20;1.08;6.20;
UBGSk1jO;Olomouc;Mountfield HK;07.10.2016 18:00;3;4;2.25;4.20;2.70;2.25;4.30;2.66;UBGSk1jO;-2.5;+2.5;5.20;1.11;5.20;1.11;3.05;1.31;3.05;1.31;1.21;3.80;1.21;3.80;1.07;6.50;1.07;6.50;
nTps9Ojn;Chomutov;Zlín;07.10.2016 17:30;6;3;1.85;4.60;3.40;1.85;4.60;3.40;nTps9Ojn;-2.5;+1.5;3.73;1.21;3.73;1.21;2.35;1.50;2.35;1.50;1.13;4.80;1.13;4.80;
rFKWlL5U;Plzeň;Litvínov;07.10.2016 17:30;3;4;1.82;4.60;3.50;1.87;4.60;3.35;rFKWlL5U;-2.5;+1.5;3.66;1.22;3.66;1.22;2.30;1.52;2.30;1.52;1.13;4.80;1.13;4.80;
zkHOjsyI;Třinec;Kometa Brno;07.10.2016 17:00;4;3;2.20;4.30;2.74;2.25;4.30;2.66;zkHOjsyI;-2.5;+2.5;4.85;1.13;4.85;1.13;2.90;1.34;2.90;1.34;1.21;3.80;1.21;3.80;1.08;6.40;1.08;6.40;
dbIKiNLB;Pardubice;Karlovy Vary;04.10.2016 18:00;5;3;1.65;4.70;4.28;1.65;4.70;4.30;dbIKiNLB;-3.5;+1.5;6.30;1.08;6.30;1.08;3.15;1.29;3.15;1.29;2.03;1.68;2.03;1.68;1.08;6.10;1.08;6.10;
drUdxrMO;Mladá Boleslav;Pardubice;02.10.2016 17:30;2;1;1.75;4.80;3.66;1.75;4.80;3.65;drUdxrMO;-3.5;+1.5;6.50;1.07;6.50;1.07;3.33;1.27;3.33;1.27;2.16;1.60;2.16;1.60;1.11;5.10;1.11;5.10;
xd2Jgqia;Kometa Brno;Sparta Praha;02.10.2016 17:15;6;2;1.95;4.60;3.20;1.96;4.60;3.20;xd2Jgqia;-2.5;+1.5;3.95;1.19;3.95;1.19;2.47;1.46;2.47;1.46;1.15;4.40;1.15;4.40;
rZ2FfPyg;Mountfield HK;Liberec;02.10.2016 17:00;3;2;2.28;4.30;2.65;2.28;4.25;2.64;rZ2FfPyg;
UVbBe5Mn;Zlín;Třinec;02.10.2016 17:00;4;3;2.75;4.30;2.20;2.72;4.15;2.25;UVbBe5Mn;-2.5;+2.5;6.50;1.07;6.50;1.07;3.80;1.20;3.80;1.20;1.34;2.93;1.34;2.93;1.12;4.90;1.12;4.90;
IiVhwO6I;Chomutov;Olomouc;02.10.2016 15:30;1;4;1.72;4.70;4.00;1.74;4.50;3.90;IiVhwO6I;-3.5;+1.5;6.90;1.06;6.90;1.06;3.40;1.25;3.40;1.25;2.16;1.60;2.16;1.60;1.09;5.75;1.09;5.75;
n796do7t;Karlovy Vary;Litvínov;02.10.2016 15:30;1;3;2.51;4.20;2.40;2.44;4.20;2.44;n796do7t;-2.5;+2.5;5.70;1.09;5.70;1.09;3.40;1.25;3.40;1.25;1.28;3.23;1.28;3.23;1.10;5.40;1.10;5.40;
Ohxpupx6;Sparta Praha;Zlín;30.09.2016 18:30;5;1;1.58;5.20;4.40;1.59;5.20;4.30;Ohxpupx6;-3.5;+1.5;5.80;1.09;5.80;1.09;2.94;1.34;2.94;1.34;1.90;1.77;1.90;1.77;1.08;6.30;1.08;6.30;
juvxs67g;Karlovy Vary;Mladá Boleslav;30.09.2016 18:00;2;5;3.10;4.60;1.95;3.10;4.50;1.97;juvxs67g;-1.5;+2.5;4.30;1.16;4.30;1.16;1.45;2.50;1.45;2.50;1.19;4.00;1.19;4.00;
fDpTrSxs;Olomouc;Liberec;30.09.2016 18:00;2;1;2.51;4.20;2.41;2.46;4.30;2.42;fDpTrSxs;-2.5;+2.5;6.20;1.08;6.20;1.08;3.55;1.24;3.55;1.24;1.26;3.40;1.26;3.40;1.09;5.90;1.09;5.90;
Y3qXsnhm;Pardubice;Kometa Brno;30.09.2016 18:00;3;4;3.34;4.70;1.85;3.20;4.70;1.90;Y3qXsnhm;
UVxttQMa;Plzeň;Mountfield HK;30.09.2016 17:30;4;3;2.15;4.30;2.82;2.15;4.30;2.82;UVxttQMa;-2.5;+2.5;4.70;1.14;4.70;1.14;2.84;1.36;2.84;1.36;1.19;3.90;1.19;3.90;1.07;6.60;1.07;6.60;
xYc1m8UP;Litvínov;Vítkovice;30.09.2016 17:10;2;0;2.05;4.20;3.06;2.07;4.22;3.00;xYc1m8UP;-2.5;+1.5;4.70;1.13;4.70;1.13;2.77;1.37;2.77;1.37;1.15;4.45;1.15;4.45;
zTulv4iC;Třinec;Chomutov;30.09.2016 17:00;5;1;1.60;5.00;4.40;1.60;4.80;4.55;zTulv4iC;-3.5;+1.5;5.95;1.09;5.95;1.09;3.00;1.32;3.00;1.32;1.95;1.74;1.95;1.74;1.08;6.30;1.08;6.30;
MPFEP4xJ;Kometa Brno;Litvínov;27.09.2016 18:00;7;1;1.45;5.70;5.33;1.45;5.80;5.20;MPFEP4xJ;-3.5;-1.5;4.75;1.13;4.75;1.13;2.50;1.46;2.50;1.46;1.68;2.03;1.68;2.03;
rZGAQpNC;Mountfield HK;Sparta Praha;27.09.2016 18:00;2;3;2.45;4.30;2.45;2.45;4.30;2.43;rZGAQpNC;-2.5;+2.5;5.40;1.10;5.40;1.10;3.26;1.28;3.26;1.28;1.28;3.26;1.28;3.26;1.10;5.40;1.10;5.40;
OUgcllFJ;Chomutov;Pardubice;27.09.2016 17:30;5;6;1.57;5.20;4.48;1.57;5.20;4.50;OUgcllFJ;-3.5;+1.5;5.60;1.10;5.60;1.10;2.85;1.35;2.85;1.35;1.88;1.80;1.88;1.80;1.08;6.30;1.08;6.30;
SrEbTnwf;Mladá Boleslav;Plzeň;27.09.2016 17:30;3;2;1.95;4.60;3.10;1.90;4.60;3.25;SrEbTnwf;
A733S6h0;Olomouc;Třinec;27.09.2016 17:10;1;2;2.82;4.30;2.15;2.82;4.30;2.15;A733S6h0;-2.5;+2.5;6.80;1.07;6.80;1.07;3.95;1.19;3.95;1.19;1.35;2.87;1.35;2.87;1.13;4.80;1.13;4.80;
EuAfUSNm;Vítkovice;Karlovy Vary;27.09.2016 17:00;3;2;1.47;5.30;5.44;1.46;5.32;5.60;EuAfUSNm;-3.5;-1.5;5.10;1.11;5.10;1.11;2.60;1.42;2.60;1.42;1.74;1.96;1.74;1.96;
8vsYCRhD;Karlovy Vary;Kometa Brno;25.09.2016 15:30;2;4;4.40;5.00;1.60;4.25;5.20;1.60;8vsYCRhD;-1.5;+3.5;6.10;1.08;6.10;1.08;1.80;1.90;1.80;1.90;1.38;2.75;1.38;2.75;1.12;5.00;1.12;5.00;
EulPEmO0;Liberec;Třinec;23.09.2016 18:00;0;3;2.08;4.45;2.90;2.15;4.40;2.78;EulPEmO0;-2.5;+2.5;4.45;1.15;4.45;1.15;2.70;1.40;2.70;1.40;1.19;4.00;1.19;4.00;1.07;6.80;1.07;6.80;
I9OOZl0Q;Chomutov;Sparta Praha;23.09.2016 17:30;4;3;2.55;4.25;2.35;2.55;4.25;2.35;I9OOZl0Q;-2.5;+2.5;5.80;1.09;5.80;1.09;3.46;1.25;3.46;1.25;1.30;3.14;1.30;3.14;1.11;5.20;1.11;5.20;
MsVFyBVD;Litvínov;Mountfield HK;23.09.2016 17:30;3;2;2.40;4.20;2.50;2.40;4.20;2.51;MsVFyBVD;-2.5;+2.5;5.35;1.11;5.35;1.11;3.20;1.28;3.20;1.28;1.26;3.40;1.26;3.40;1.10;5.65;1.10;5.65;
KIAjV88s;Plzeň;Olomouc;23.09.2016 17:30;5;6;1.75;4.55;3.83;1.77;4.45;3.80;KIAjV88s;-2.5;+1.5;3.60;1.23;3.60;1.23;2.24;1.56;2.24;1.56;1.10;5.60;1.10;5.60;
d4wUD7w7;Vítkovice;Mladá Boleslav;23.09.2016 17:10;2;5;2.18;4.35;2.75;2.19;4.30;2.75;d4wUD7w7;-2.5;+2.5;4.75;1.13;4.75;1.13;2.90;1.35;2.90;1.35;1.21;3.80;1.21;3.80;1.08;6.40;1.08;6.40;
4pJWHzUI;Liberec;Plzeň;20.09.2016 18:00;2;1;1.70;4.70;4.00;1.71;4.65;3.95;4pJWHzUI;-3.5;+1.5;6.50;1.07;6.50;1.07;3.26;1.28;3.26;1.28;2.10;1.64;2.10;1.64;1.10;5.70;1.10;5.70;
v1Uzyvu3;Mladá Boleslav;Litvínov;18.09.2016 17:30;3;4;1.72;4.70;3.87;1.70;4.55;4.10;v1Uzyvu3;-3.5;+1.5;6.70;1.07;6.70;1.07;3.35;1.26;3.35;1.26;2.14;1.60;2.14;1.60;1.10;5.55;1.10;5.55;
SOoDHkvr;Mountfield HK;Pardubice;18.09.2016 17:10;8;2;1.73;4.70;3.85;1.70;4.60;4.05;SOoDHkvr;-3.5;+1.5;6.80;1.07;6.80;1.07;3.40;1.25;3.40;1.25;2.17;1.60;2.17;1.60;1.10;5.55;1.10;5.55;
6FpHG9gl;Kometa Brno;Vítkovice;18.09.2016 17:00;0;1;1.50;5.30;5.07;1.51;5.20;4.80;6FpHG9gl;-3.5;+1.5;5.15;1.11;5.15;1.11;2.66;1.40;2.66;1.40;1.77;1.90;1.77;1.90;1.06;6.90;1.06;6.90;
nRXrZH9F;Olomouc;Sparta Praha;18.09.2016 17:00;3;2;3.03;4.50;2.00;3.00;4.55;2.00;nRXrZH9F;-2.5;+2.5;7.00;1.06;7.00;1.06;4.15;1.17;4.15;1.17;1.40;2.63;1.40;2.63;1.16;4.30;1.16;4.30;
zkkLFT8f;Zlín;Plzeň;18.09.2016 17:00;1;2;2.02;4.40;3.03;2.00;4.35;3.10;zkkLFT8f;-2.5;+1.5;4.25;1.17;4.25;1.17;2.60;1.40;2.60;1.40;1.17;4.25;1.17;4.25;
0AVWyKPd;Chomutov;Liberec;18.09.2016 15:30;3;2;2.60;4.30;2.30;2.58;4.35;2.30;0AVWyKPd;-2.5;+2.5;5.95;1.09;5.95;1.09;3.50;1.24;3.50;1.24;1.31;3.10;1.31;3.10;1.11;5.10;1.11;5.10;
YNTvzbf9;Třinec;Karlovy Vary;18.09.2016 15:00;7;0;1.33;6.50;6.50;1.33;6.60;6.70;YNTvzbf9;-4.5;-1.5;6.90;1.06;6.90;1.06;4.15;1.18;4.15;1.18;2.20;1.58;2.20;1.58;1.58;2.22;1.58;2.22;
S4RmFdIq;Sparta Praha;Třinec;16.09.2016 18:30;3;4;1.95;4.55;3.15;1.98;4.50;3.05;S4RmFdIq;-2.5;+2.5;3.95;1.19;3.95;1.19;2.50;1.46;2.50;1.46;1.16;4.35;1.16;4.35;1.06;7.00;1.06;7.00;
8KpHKIfM;Karlovy Vary;Olomouc;16.09.2016 18:00;3;1;2.65;4.35;2.20;2.72;4.35;2.20;8KpHKIfM;-2.5;+2.5;6.60;1.07;6.60;1.07;3.80;1.21;3.80;1.21;1.32;3.00;1.32;3.00;1.11;5.15;1.11;5.15;
UToDLbuG;Pardubice;Liberec;16.09.2016 18:00;4;5;2.94;4.45;2.05;2.86;4.40;2.10;UToDLbuG;-2.5;+2.5;6.90;1.06;6.90;1.06;4.10;1.18;4.10;1.18;1.40;2.70;1.40;2.70;1.16;4.35;1.16;4.35;
0fs9MvQ9;Mladá Boleslav;Zlín;16.09.2016 17:30;5;4;2.05;4.35;2.90;2.05;4.35;2.99;0fs9MvQ9;-2.5;+2.5;4.45;1.15;4.45;1.15;2.70;1.40;2.70;1.40;1.18;4.10;1.18;4.10;1.06;7.00;1.06;7.00;
jqzMJxAS;Plzeň;Kometa Brno;16.09.2016 17:30;3;6;2.65;4.40;2.25;2.63;4.40;2.25;jqzMJxAS;-2.5;+2.5;6.10;1.08;6.10;1.08;3.60;1.23;3.60;1.23;1.33;3.00;1.33;3.00;1.12;4.90;1.12;4.90;
MRQiEGXk;Litvínov;Chomutov;16.09.2016 17:10;2;4;2.35;4.20;2.57;2.33;4.20;2.60;MRQiEGXk;-2.5;+2.5;5.40;1.10;5.40;1.10;3.20;1.29;3.20;1.29;1.23;3.56;1.23;3.56;1.08;6.10;1.08;6.10;
0IPeDzmd;Vítkovice;Mountfield HK;16.09.2016 17:00;3;2;2.25;4.20;2.70;2.27;4.20;2.67;0IPeDzmd;-2.5;+2.5;5.05;1.12;5.05;1.12;3.00;1.32;3.00;1.32;1.21;3.75;1.21;3.75;1.08;6.40;1.08;6.40;
vug0O0ec;Kometa Brno;Mladá Boleslav;13.09.2016 18:00;5;1;1.62;5.00;4.25;1.62;4.80;4.40;vug0O0ec;-3.5;+1.5;5.85;1.09;5.85;1.09;3.00;1.32;3.00;1.32;1.96;1.73;1.96;1.73;1.09;6.00;1.09;6.00;
M3r5NKA3;Mountfield HK;Karlovy Vary;13.09.2016 18:00;4;0;1.48;5.30;5.30;1.48;5.30;5.30;M3r5NKA3;-3.5;+1.5;5.05;1.12;5.05;1.12;2.60;1.42;2.60;1.42;1.74;1.95;1.74;1.95;1.06;7.00;1.06;7.00;
tfzcPtti;Olomouc;Pardubice;13.09.2016 18:00;2;1;2.10;4.30;2.91;2.08;4.30;2.95;tfzcPtti;-2.5;+2.5;4.75;1.13;4.75;1.13;2.80;1.36;2.80;1.36;1.17;4.15;1.17;4.15;1.06;7.00;1.06;7.00;
UF6v7aQM;Chomutov;Plzeň;13.09.2016 17:30;6;4;2.20;4.30;2.75;2.18;4.30;2.77;UF6v7aQM;-2.5;+2.5;4.90;1.12;4.90;1.12;2.93;1.34;2.93;1.34;1.20;3.80;1.20;3.80;1.07;6.50;1.07;6.50;
l0mB1wlp;Zlín;Vítkovice;13.09.2016 17:30;2;0;1.96;4.40;3.15;1.96;4.40;3.15;l0mB1wlp;-2.5;+1.5;4.10;1.18;4.10;1.18;2.53;1.44;2.53;1.44;1.15;4.45;1.15;4.45;
865r6JuT;Liberec;Sparta Praha;13.09.2016 17:10;2;3;2.10;4.40;2.87;2.10;4.40;2.86;865r6JuT;-2.5;+2.5;4.40;1.15;4.40;1.15;2.73;1.40;2.73;1.40;1.19;3.95;1.19;3.95;1.07;6.60;1.07;6.60;
SjnF0c3j;Třinec;Litvínov;13.09.2016 17:00;2;1;1.55;5.20;4.65;1.55;5.00;4.80;SjnF0c3j;-3.5;+1.5;6.00;1.09;6.00;1.09;3.00;1.32;3.00;1.32;1.90;1.77;1.90;1.77;1.07;6.60;1.07;6.60;
zg7z8uBG;Litvínov;Zlín;11.09.2016 17:30;3;6;2.15;4.30;2.73;2.22;4.30;2.71;zg7z8uBG;-2.5;+2.5;5.20;1.11;5.20;1.11;3.00;1.32;3.00;1.32;1.19;4.00;1.19;4.00;1.06;7.00;1.06;7.00;
EJGFC3do;Mladá Boleslav;Olomouc;11.09.2016 17:30;0;2;1.68;4.70;4.00;1.68;4.70;4.00;EJGFC3do;-3.5;+1.5;6.70;1.07;6.70;1.07;3.35;1.26;3.35;1.26;2.10;1.63;2.10;1.63;1.09;5.95;1.09;5.95;
hAFJBNBi;Kometa Brno;Mountfield HK;11.09.2016 17:00;3;1;1.70;4.80;3.91;1.70;4.75;3.95;hAFJBNBi;-3.5;+1.5;6.50;1.07;6.50;1.07;3.27;1.27;3.27;1.27;2.10;1.63;2.10;1.63;1.10;5.55;1.10;5.55;
GruNBudo;Pardubice;Sparta Praha;11.09.2016 17:00;2;3;2.92;4.50;2.05;2.94;4.45;2.05;GruNBudo;-2.5;+2.5;6.80;1.07;6.80;1.07;4.05;1.18;4.05;1.18;1.40;2.66;1.40;2.66;1.16;4.30;1.16;4.30;
Mk3W8LeA;Vítkovice;Chomutov;11.09.2016 17:00;2;3;1.95;4.40;3.10;2.10;4.30;2.91;Mk3W8LeA;-2.5;+1.5;4.10;1.18;4.10;1.18;2.54;1.44;2.54;1.44;1.15;4.40;1.15;4.40;
0zFNAsRc;Karlovy Vary;Liberec;11.09.2016 15:30;1;5;3.21;4.60;1.87;3.30;4.55;1.89;0zFNAsRc;-1.5;+2.5;4.55;1.14;4.55;1.14;1.50;2.40;1.50;2.40;1.21;3.80;1.21;3.80;
vRDR91t4;Plzeň;Třinec;11.09.2016 15:10;1;2;2.35;4.30;2.53;2.33;4.30;2.56;vRDR91t4;-2.5;+2.5;5.40;1.10;5.40;1.10;3.20;1.29;3.20;1.29;1.24;3.50;1.24;3.50;1.09;5.95;1.09;5.95;
dv6IuvMP;Olomouc;Litvínov;09.09.2016 18:00;1;3;2.07;4.20;2.95;2.08;4.20;3.00;dv6IuvMP;-2.5;+1.5;4.75;1.13;4.75;1.13;2.80;1.37;2.80;1.37;1.16;4.30;1.16;4.30;
xYmoybUt;Chomutov;Karlovy Vary;09.09.2016 17:30;3;2;1.62;4.80;4.25;1.62;4.80;4.30;xYmoybUt;-3.5;+1.5;6.20;1.08;6.20;1.08;3.10;1.31;3.10;1.31;2.00;1.70;2.00;1.70;1.08;6.20;1.08;6.20;
MLkcYeEa;Zlín;Kometa Brno;09.09.2016 17:30;3;5;2.57;4.40;2.30;2.52;4.30;2.30;MLkcYeEa;-2.5;+2.5;6.00;1.09;6.00;1.09;3.50;1.24;3.50;1.24;1.30;3.10;1.30;3.10;1.11;5.20;1.11;5.20;
GOnkzIqm;Mountfield HK;Mladá Boleslav;09.09.2016 17:10;4;5;1.95;4.45;3.15;1.95;4.45;3.15;GOnkzIqm;-2.5;+1.5;4.00;1.19;4.00;1.19;2.50;1.45;2.50;1.45;1.15;4.40;1.15;4.40;
Im7EtK6J;Třinec;Pardubice;09.09.2016 17:00;4;1;1.62;4.90;4.25;1.62;4.90;4.30;Im7EtK6J;-3.5;+1.5;6.20;1.08;6.20;1.08;3.10;1.30;3.10;1.30;2.00;1.70;2.00;1.70;1.08;6.10;1.08;6.10;
AongZyag;Vítkovice;Sparta Praha;09.09.2016 17:00;3;2;2.61;4.45;2.25;2.63;4.40;2.25;AongZyag;-2.5;+2.5;5.80;1.09;5.80;1.09;3.50;1.24;3.50;1.24;1.33;2.95;1.33;2.95;1.13;4.80;1.13;4.80;
