SGDn2lTq;Mountfield HK;Karlovy Vary;10.03.2020 19:00;3;5;1.90;4.20;3.55;1.90;4.20;3.55;SGDn2lTq;-3.5;+1.5;7.95;1.08;7.95;1.08;4.04;1.24;4.04;1.24;3.47;1.31;3.47;1.31;2.52;1.53;2.52;1.53;2.18;1.68;2.18;1.68;1.15;5.45;1.15;5.45;
O0MdCYji;Olomouc;Zlín;10.03.2020 17:00;1;3;2.10;4.00;3.15;2.10;4.00;3.10;O0MdCYji;-2.5;+1.5;4.94;1.18;4.94;1.18;4.29;1.22;4.29;1.22;2.90;1.41;2.90;1.41;2.52;1.53;2.52;1.53;1.22;4.30;1.22;4.30;1.19;4.80;1.19;4.80;
Q7RK6UKS;Mountfield HK;Karlovy Vary;09.03.2020 19:00;3;1;1.79;4.25;3.95;1.81;4.20;3.90;Q7RK6UKS;-3.5;+1.5;6.94;1.10;6.94;1.10;3.58;1.30;3.58;1.30;3.06;1.38;3.06;1.38;2.31;1.61;2.31;1.61;2.00;1.81;2.00;1.81;1.13;6.05;1.13;6.05;
nqwEmkEj;Olomouc;Zlín;09.03.2020 17:00;5;1;2.00;4.00;3.40;2.02;4.05;3.30;nqwEmkEj;-2.5;+1;4.62;1.20;4.62;1.20;3.98;1.25;3.98;1.25;2.74;1.46;2.74;1.46;2.37;1.59;2.37;1.59;1.22;4.33;1.22;4.33;1.16;5.31;1.16;5.31;
nFubnGV5;Karlovy Vary;Liberec;06.03.2020 18:00;3;5;2.40;4.40;2.45;2.42;4.40;2.43;nFubnGV5;-2.5;+2.5;5.63;1.15;5.63;1.15;3.34;1.33;3.34;1.33;2.96;1.40;2.96;1.40;1.39;3.03;1.39;3.03;1.32;3.41;1.32;3.41;1.20;4.59;1.20;4.59;1.14;5.76;1.14;5.76;
0Iq2ozoC;Kometa Brno;Pardubice;06.03.2020 18:00;0;2;2.05;3.70;3.25;2.01;3.90;3.10;0Iq2ozoC;-2.5;+1.5;4.54;1.20;4.54;1.20;3.94;1.25;3.94;1.25;2.75;1.45;2.75;1.45;2.44;1.56;2.44;1.56;1.21;4.49;1.21;4.49;1.18;4.89;1.18;4.89;
dQnokIom;Litvínov;Kladno;06.03.2020 18:00;6;2;2.60;2.75;3.15;2.55;2.83;3.15;dQnokIom;-2.5;+2.5;5.70;1.14;5.70;1.14;3.51;1.30;3.51;1.30;3.18;1.36;3.18;1.36;1.25;4.03;1.25;4.03;1.21;4.41;1.21;4.41;1.10;7.28;1.10;7.28;
hhtfmdGa;Mladá Boleslav;Zlín;06.03.2020 18:00;3;0;1.56;5.20;4.56;1.57;5.15;4.50;hhtfmdGa;-3.5;+1.5;5.89;1.14;5.89;1.14;4.62;1.20;4.62;1.20;3.03;1.39;3.03;1.39;2.53;1.52;2.53;1.52;1.98;1.83;1.98;1.83;1.69;2.17;1.69;2.17;1.10;7.32;1.10;7.32;
MXXAqEFO;Mountfield HK;Vítkovice;06.03.2020 18:00;5;2;1.47;5.70;5.10;1.47;5.75;4.90;MXXAqEFO;-3.5;+1.5;5.52;1.15;5.52;1.15;4.45;1.21;4.45;1.21;2.83;1.43;2.83;1.43;2.34;1.60;2.34;1.60;1.85;1.95;1.85;1.95;1.57;2.40;1.57;2.40;1.08;8.19;1.08;8.19;
E1sjlx1g;Sparta Praha;Olomouc;06.03.2020 18:00;3;2;1.35;6.20;6.80;1.36;6.00;6.60;E1sjlx1g;-4.5;+1.5;6.89;1.11;6.89;1.11;3.91;1.26;3.91;1.26;3.21;1.35;3.21;1.35;2.24;1.65;2.24;1.65;1.86;1.95;1.86;1.95;1.59;2.35;1.59;2.35;1.39;3.00;1.39;3.00;1.08;7.28;1.08;7.28;
rsZ6pf0I;Třinec;Plzeň;06.03.2020 18:00;3;0;1.85;4.50;3.50;1.92;4.40;3.30;rsZ6pf0I;-3.5;+1.5;7.49;1.09;7.49;1.09;3.83;1.27;3.83;1.27;3.29;1.34;3.29;1.34;2.42;1.56;2.42;1.56;2.10;1.73;2.10;1.73;1.21;4.52;1.21;4.52;1.16;5.33;1.16;5.33;
29rCeK8J;Kladno;Mladá Boleslav;03.03.2020 17:30;3;2;1.83;4.80;3.36;1.85;4.60;3.10;29rCeK8J;-1.5;-1;4.00;1.20;4.00;1.20;2.46;1.55;2.46;1.55;2.11;1.73;2.11;1.73;
Em2HZxn0;Liberec;Třinec;03.03.2020 17:30;0;4;1.93;4.35;3.34;1.95;4.45;3.25;Em2HZxn0;-3.5;+2.5;7.98;1.08;7.98;1.08;4.08;1.24;4.08;1.24;3.52;1.30;3.52;1.30;2.55;1.51;2.55;1.51;2.22;1.66;2.22;1.66;1.20;4.55;1.20;4.55;1.18;5.02;1.18;5.02;1.08;8.14;1.08;8.14;
044TWzWI;Olomouc;Litvínov;03.03.2020 17:30;3;1;2.74;4.50;2.15;2.65;4.40;2.05;044TWzWI;-1.5;+2;4.10;1.24;4.10;1.24;1.49;2.62;1.49;2.62;1.39;3.01;1.39;3.01;1.21;3.90;1.21;3.90;1.20;4.58;1.20;4.58;
hv1LYd16;Pardubice;Sparta Praha;03.03.2020 17:30;1;2;1.90;4.80;3.14;1.90;4.65;2.89;hv1LYd16;-2.5;-1;3.73;1.28;3.73;1.28;2.53;1.52;2.53;1.52;2.19;1.68;2.19;1.68;
MD5PXGGC;Plzeň;Kometa Brno;03.03.2020 17:30;3;2;1.80;4.80;3.50;1.80;4.80;3.55;MD5PXGGC;-2.5;+1;+1.5;+2.5;6.96;1.10;6.96;1.10;3.66;1.29;3.66;1.29;3.13;1.37;3.13;1.37;2.34;1.60;2.34;1.60;2.03;1.79;2.03;1.79;1.20;4.58;1.20;4.58;1.16;5.32;1.16;5.32;1.08;8.14;1.08;8.14;
IZmsjbWt;Vítkovice;Karlovy Vary;03.03.2020 17:30;8;2;1.13;10.50;10.00;1.12;11.00;9.70;IZmsjbWt;-3.5;-2.5;1.56;2.27;1.56;2.27;1.42;2.64;1.42;2.64;1.62;2.16;1.62;2.16;
0f1FfvOP;Zlín;Mountfield HK;03.03.2020 17:30;3;2;2.20;4.30;2.80;2.25;4.20;2.75;0f1FfvOP;-2.5;+2.5;5.38;1.16;5.38;1.16;3.10;1.37;3.10;1.37;2.69;1.47;2.69;1.47;1.28;3.69;1.28;3.69;1.23;4.17;1.23;4.17;1.09;7.46;1.09;7.46;
Ob94xu2s;Plzeň;Liberec;01.03.2020 17:20;4;2;2.10;4.40;2.92;2.18;4.35;2.80;Ob94xu2s;-2.5;+2.5;4.62;1.20;4.62;1.20;4.02;1.25;4.02;1.25;2.82;1.43;2.82;1.43;2.48;1.54;2.48;1.54;1.27;3.80;1.27;3.80;1.23;4.23;1.23;4.23;1.10;7.30;1.10;7.30;
2m7yqsPD;Mladá Boleslav;Karlovy Vary;01.03.2020 16:00;4;3;1.68;4.50;4.35;1.68;4.55;4.20;2m7yqsPD;-3.5;+1.5;5.96;1.13;5.96;1.13;3.15;1.36;3.15;1.36;2.68;1.47;2.68;1.47;2.10;1.73;2.10;1.73;1.83;1.97;1.83;1.97;1.11;6.62;1.11;6.62;
WOCCzJWg;Mountfield HK;Olomouc;01.03.2020 16:00;0;4;1.83;4.30;3.73;1.83;4.35;3.60;WOCCzJWg;-2.5;+1.5;4.17;1.23;4.17;1.23;3.54;1.30;3.54;1.30;2.49;1.54;2.49;1.54;2.12;1.72;2.12;1.72;1.13;6.05;1.13;6.05;
MkNxsLgQ;Sparta Praha;Zlín;01.03.2020 16:00;5;1;1.60;4.75;4.75;1.60;4.80;4.55;MkNxsLgQ;-3.5;+1.5;5.37;1.16;5.37;1.16;4.58;1.20;4.58;1.20;2.89;1.42;2.89;1.42;2.45;1.55;2.45;1.55;1.97;1.84;1.97;1.84;1.72;2.13;1.72;2.13;1.10;7.20;1.10;7.20;
tv6ur1vK;Litvínov;Vítkovice;01.03.2020 15:30;4;0;1.95;3.80;3.65;1.95;3.80;3.20;tv6ur1vK;-3.5;+1;+1.5;+2.5;7.29;1.10;7.29;1.10;3.84;1.26;3.84;1.26;3.34;1.33;3.34;1.33;2.50;1.53;2.50;1.53;2.21;1.66;2.21;1.66;1.19;4.14;1.19;4.14;1.16;5.38;1.16;5.38;1.07;7.72;1.07;7.72;
IL88yaHm;Kometa Brno;Kladno;01.03.2020 15:00;1;2;2.05;4.55;2.90;2.05;4.55;2.72;IL88yaHm;-1.5;+2.5;2.78;1.44;2.78;1.44;2.43;1.56;2.43;1.56;1.27;3.83;1.27;3.83;1.22;4.27;1.22;4.27;1.09;7.44;1.09;7.44;
lpJgKcnD;Třinec;Pardubice;01.03.2020 15:00;2;3;1.68;4.80;4.00;1.65;4.75;3.70;lpJgKcnD;-2.5;-1;3.27;1.34;3.27;1.34;2.77;1.45;2.77;1.45;2.14;1.71;2.14;1.71;1.85;1.95;1.85;1.95;
Q394tl3F;Kometa Brno;Liberec;28.02.2020 18:00;3;2;2.28;4.20;2.70;2.28;4.25;2.68;Q394tl3F;-2.5;-2;-1.5;+2.5;5.40;1.16;5.40;1.16;4.60;1.20;4.60;1.20;3.17;1.36;3.17;1.36;2.78;1.44;2.78;1.44;1.31;3.47;1.31;3.47;1.26;3.89;1.26;3.89;1.11;6.78;1.11;6.78;
hIPpMJH0;Olomouc;Třinec;28.02.2020 18:00;1;2;2.60;4.25;2.35;2.60;4.25;2.35;hIPpMJH0;-2.5;+2.5;6.80;1.11;6.80;1.11;3.82;1.27;3.82;1.27;3.36;1.33;3.36;1.33;1.41;2.93;1.41;2.93;1.33;3.35;1.33;3.35;1.14;5.89;1.14;5.89;
ERQtNa2f;Pardubice;Plzeň;28.02.2020 18:00;3;1;2.20;4.40;2.75;2.21;4.35;2.74;ERQtNa2f;-2.5;+2.5;5.28;1.16;5.28;1.16;4.62;1.20;4.62;1.20;3.07;1.38;3.07;1.38;2.68;1.47;2.68;1.47;1.29;3.59;1.29;3.59;1.24;4.05;1.24;4.05;1.10;7.16;1.10;7.16;
zsFkLwX6;Karlovy Vary;Mountfield HK;28.02.2020 17:30;4;3;2.45;4.10;2.53;2.45;4.10;2.53;zsFkLwX6;-2.5;+2.5;5.93;1.14;5.93;1.14;3.45;1.31;3.45;1.31;3.05;1.38;3.05;1.38;1.36;3.17;1.36;3.17;1.30;3.57;1.30;3.57;1.13;6.16;1.13;6.16;
phMxOuml;Vítkovice;Mladá Boleslav;28.02.2020 17:30;2;3;2.40;4.10;2.60;2.35;4.25;2.59;phMxOuml;-2.5;+2.5;5.78;1.14;5.78;1.14;4.26;1.18;4.26;1.18;3.37;1.33;3.37;1.33;2.97;1.40;2.97;1.40;1.34;3.29;1.34;3.29;1.28;3.70;1.28;3.70;1.12;6.42;1.12;6.42;
61NYOLXs;Zlín;Litvínov;28.02.2020 17:30;4;3;2.05;4.30;3.06;2.10;4.30;2.96;61NYOLXs;-2.5;+2.5;4.38;1.22;4.38;1.22;3.81;1.27;3.81;1.27;2.72;1.46;2.72;1.46;2.39;1.58;2.39;1.58;1.25;4.01;1.25;4.01;1.21;4.44;1.21;4.44;1.09;7.62;1.09;7.62;
ET50sUm9;Kladno;Sparta Praha;27.02.2020 18:00;4;2;2.85;4.50;2.12;2.87;4.50;2.10;ET50sUm9;-2.5;+2.5;6.77;1.11;6.77;1.11;4.02;1.25;4.02;1.25;3.62;1.29;3.62;1.29;1.55;2.47;1.55;2.47;1.44;2.78;1.44;2.78;1.26;3.89;1.26;3.89;1.21;4.44;1.21;4.44;
lWXsl8Do;Liberec;Plzeň;25.02.2020 18:00;4;1;1.67;4.80;4.15;1.65;4.80;4.30;lWXsl8Do;-3.5;+2.5;5.50;1.14;5.50;1.14;3.10;1.37;3.10;1.37;2.71;1.47;2.71;1.47;2.15;1.70;2.15;1.70;1.85;1.95;1.85;1.95;1.23;4.18;1.23;4.18;1.12;6.37;1.12;6.37;1.08;8.02;1.08;8.02;
QD41Ngvm;Litvínov;Mountfield HK;25.02.2020 17:00;2;3;1.87;4.40;3.44;1.83;4.45;3.40;QD41Ngvm;-3.5;+1.5;7.90;1.08;7.90;1.08;4.00;1.25;4.00;1.25;3.43;1.32;3.43;1.32;2.49;1.54;2.49;1.54;2.15;1.70;2.15;1.70;1.16;5.32;1.16;5.32;
K66drAY2;Třinec;Zlín;25.02.2020 17:00;2;1;1.65;4.70;4.40;1.66;4.70;4.30;K66drAY2;-3.5;+1.5;5.96;1.13;5.96;1.13;3.13;1.37;3.13;1.37;2.65;1.48;2.65;1.48;2.07;1.75;2.07;1.75;1.80;2.02;1.80;2.02;1.11;6.76;1.11;6.76;
Ovw8yv0j;Pardubice;Liberec;23.02.2020 17:30;1;4;2.45;4.40;2.40;2.48;4.40;2.40;Ovw8yv0j;-2.5;+2.5;6.08;1.13;6.08;1.13;3.51;1.31;3.51;1.31;3.09;1.37;3.09;1.37;1.39;3.00;1.39;3.00;1.32;3.40;1.32;3.40;1.14;5.89;1.14;5.89;
hdnxs0xT;Kometa Brno;Olomouc;23.02.2020 17:00;2;4;1.70;4.50;4.23;1.67;4.60;4.35;hdnxs0xT;-3.5;+1.5;6.92;1.11;6.92;1.11;3.50;1.31;3.50;1.31;2.95;1.40;2.95;1.40;2.21;1.66;2.21;1.66;1.90;1.91;1.90;1.91;1.11;6.72;1.11;6.72;
UHw4xKpp;Plzeň;Kladno;23.02.2020 16:30;8;5;1.48;5.40;5.21;1.49;5.45;5.10;UHw4xKpp;-3.5;+1.5;4.75;1.19;4.75;1.19;3.99;1.25;3.99;1.25;2.61;1.49;2.61;1.49;2.19;1.68;2.19;1.68;1.80;2.01;1.80;2.01;1.56;2.42;1.56;2.42;1.08;8.07;1.08;8.07;
AXdXstNM;Mladá Boleslav;Mountfield HK;23.02.2020 16:00;3;2;1.75;4.40;4.03;1.87;4.40;3.50;AXdXstNM;-2.5;+1.5;3.78;1.27;3.78;1.27;3.19;1.35;3.19;1.35;2.33;1.60;2.33;1.60;1.98;1.82;1.98;1.82;1.20;4.63;1.20;4.63;1.12;6.49;1.12;6.49;
2VyCzbFd;Litvínov;Karlovy Vary;23.02.2020 15:30;6;4;1.62;5.00;4.25;1.65;4.75;4.35;2VyCzbFd;-3.5;+1;+1.5;+2.5;5.62;1.15;5.62;1.15;2.99;1.39;2.99;1.39;2.54;1.52;2.54;1.52;2.02;1.80;2.02;1.80;1.76;2.07;1.76;2.07;1.19;4.21;1.19;4.21;1.12;6.50;1.12;6.50;1.07;7.40;1.07;7.40;
2miDn48i;Zlín;Kometa Brno;22.02.2020 15:00;3;5;2.35;4.20;2.61;2.37;4.25;2.56;2miDn48i;-2.5;+2.5;5.51;1.15;5.51;1.15;3.25;1.34;3.25;1.34;2.87;1.42;2.87;1.42;1.34;3.29;1.34;3.29;1.28;3.69;1.28;3.69;1.12;6.34;1.12;6.34;
Ag4RO0Gp;Kladno;Pardubice;21.02.2020 18:00;2;5;2.40;4.20;2.55;2.40;4.20;2.55;Ag4RO0Gp;-2.5;+2.5;5.94;1.13;5.94;1.13;3.42;1.32;3.42;1.32;3.00;1.39;3.00;1.39;1.35;3.24;1.35;3.24;1.28;3.67;1.28;3.67;1.12;6.43;1.12;6.43;
WtbTrM7G;Mountfield HK;Litvínov;21.02.2020 18:00;4;5;1.80;4.50;3.70;1.82;4.50;3.65;WtbTrM7G;-3.5;+1.5;7.39;1.09;7.39;1.09;3.75;1.28;3.75;1.28;3.20;1.35;3.20;1.35;2.36;1.59;2.36;1.59;2.04;1.78;2.04;1.78;1.14;5.75;1.14;5.75;
GjeHoONc;Olomouc;Liberec;21.02.2020 18:00;2;1;2.70;4.30;2.25;2.72;4.25;2.25;GjeHoONc;-2.5;+2.5;7.06;1.10;7.06;1.10;3.99;1.25;3.99;1.25;3.53;1.30;3.53;1.30;1.45;2.76;1.45;2.76;1.36;3.16;1.36;3.16;1.15;5.48;1.15;5.48;
x6qQq2hA;Karlovy Vary;Třinec;21.02.2020 17:30;2;6;2.47;4.20;2.47;2.47;4.20;2.47;x6qQq2hA;-2.5;+2.5;5.81;1.14;5.81;1.14;3.44;1.32;3.44;1.32;3.05;1.38;3.05;1.38;1.38;3.04;1.38;3.04;1.32;3.42;1.32;3.42;1.14;5.78;1.14;5.78;
bFpMprw4;Vítkovice;Plzeň;21.02.2020 17:30;3;1;2.23;4.40;2.70;2.22;4.40;2.67;bFpMprw4;-2.5;+2.5;5.27;1.16;5.27;1.16;4.62;1.20;4.62;1.20;3.09;1.37;3.09;1.37;2.71;1.47;2.71;1.47;1.31;3.47;1.31;3.47;1.26;3.91;1.26;3.91;1.11;6.84;1.11;6.84;
GvwYHwoA;Litvínov;Třinec;19.02.2020 17:30;5;2;2.50;4.35;2.40;2.51;4.30;2.40;GvwYHwoA;-2.5;+2.5;6.18;1.13;6.18;1.13;3.57;1.30;3.57;1.30;3.15;1.36;3.15;1.36;1.40;2.97;1.40;2.97;1.33;3.37;1.33;3.37;1.14;5.82;1.14;5.82;
lp3VNKVj;Sparta Praha;Mladá Boleslav;18.02.2020 18:30;6;2;1.88;4.40;3.50;1.90;4.40;3.40;lp3VNKVj;-3.5;+1.5;8.08;1.08;8.08;1.08;4.23;1.23;4.23;1.23;3.77;1.27;3.77;1.27;2.83;1.43;2.83;1.43;2.37;1.59;2.37;1.59;1.14;5.73;1.14;5.73;
UaMbTt8T;Kometa Brno;Mountfield HK;18.02.2020 18:00;2;1;2.00;4.30;3.20;2.00;4.30;3.20;UaMbTt8T;-2.5;+1.5;4.70;1.19;4.70;1.19;4.05;1.24;4.05;1.24;2.76;1.45;2.76;1.45;2.38;1.58;2.38;1.58;1.21;4.44;1.21;4.44;1.18;4.97;1.18;4.97;
j9NfUMhN;Pardubice;Zlín;16.02.2020 16:30;3;2;1.90;4.50;3.35;1.92;4.45;3.30;j9NfUMhN;-3.5;+2.5;7.92;1.08;7.92;1.08;4.03;1.25;4.03;1.25;3.47;1.31;3.47;1.31;2.51;1.53;2.51;1.53;2.18;1.68;2.18;1.68;1.20;4.58;1.20;4.58;1.17;5.06;1.17;5.06;1.09;7.80;1.09;7.80;
OdWwY4gb;Plzeň;Olomouc;16.02.2020 16:30;3;0;1.65;4.50;4.60;1.62;4.65;4.65;OdWwY4gb;-3.5;+1.5;6.45;1.12;6.45;1.12;3.29;1.34;3.29;1.34;2.77;1.45;2.77;1.45;2.12;1.72;2.12;1.72;1.81;1.99;1.81;1.99;1.10;7.29;1.10;7.29;
pCKnWrOA;Sparta Praha;Karlovy Vary;16.02.2020 16:05;6;3;1.70;4.50;4.30;1.70;4.50;4.25;pCKnWrOA;-3.5;+1.5;5.63;1.15;5.63;1.15;3.05;1.38;3.05;1.38;2.61;1.49;2.61;1.49;2.08;1.75;2.08;1.75;1.83;1.98;1.83;1.98;1.12;6.37;1.12;6.37;
fNRZYpvh;Liberec;Kladno;16.02.2020 16:00;5;4;1.40;5.80;6.20;1.40;5.50;6.60;fNRZYpvh;-4.5;+1.5;7.15;1.10;7.15;1.10;4.10;1.24;4.10;1.24;3.39;1.32;3.39;1.32;2.34;1.60;2.34;1.60;1.95;1.85;1.95;1.85;1.66;2.22;1.66;2.22;1.45;2.75;1.45;2.75;1.08;8.18;1.08;8.18;
2mVsXO84;Litvínov;Mladá Boleslav;16.02.2020 15:30;2;3;2.25;4.30;2.70;2.16;4.30;2.84;2mVsXO84;-2.5;-2;-1.5;+2.5;5.31;1.16;5.31;1.16;4.30;1.22;4.30;1.22;3.12;1.37;3.12;1.37;2.74;1.46;2.74;1.46;1.31;3.47;1.31;3.47;1.26;3.90;1.26;3.90;1.11;6.80;1.11;6.80;
dnOjV2wH;Třinec;Vítkovice;16.02.2020 15:00;2;3;1.57;5.00;4.75;1.55;5.00;4.95;dnOjV2wH;-3.5;+1.5;5.37;1.16;5.37;1.16;4.55;1.20;4.55;1.20;2.84;1.43;2.84;1.43;2.37;1.59;2.37;1.59;1.89;1.91;1.89;1.91;1.66;2.22;1.66;2.22;1.10;7.13;1.10;7.13;
GWSVZQOo;Mladá Boleslav;Plzeň;15.02.2020 15:00;3;1;2.20;4.20;2.82;2.20;4.20;2.82;GWSVZQOo;-2.5;+2.5;5.23;1.16;5.23;1.16;4.58;1.20;4.58;1.20;3.06;1.38;3.06;1.38;2.67;1.48;2.67;1.48;1.28;3.70;1.28;3.70;1.23;4.16;1.23;4.16;1.10;7.34;1.10;7.34;
OtrGIPgB;Olomouc;Kladno;14.02.2020 18:00;4;0;1.75;4.50;3.95;1.75;4.50;3.95;OtrGIPgB;-3.5;+1.5;7.34;1.10;7.34;1.10;3.69;1.28;3.69;1.28;3.12;1.37;3.12;1.37;2.31;1.62;2.31;1.62;1.97;1.83;1.97;1.83;1.12;6.27;1.12;6.27;
x6cLFNwU;Karlovy Vary;Kometa Brno;14.02.2020 17:30;9;1;2.51;4.15;2.45;2.50;4.15;2.47;x6cLFNwU;-2.5;+2.5;5.98;1.13;5.98;1.13;3.52;1.30;3.52;1.30;3.13;1.37;3.13;1.37;1.39;3.02;1.39;3.02;1.32;3.40;1.32;3.40;1.14;5.76;1.14;5.76;
rqbHG3ON;Vítkovice;Pardubice;14.02.2020 17:30;3;5;2.15;4.00;3.01;2.15;4.00;2.96;rqbHG3ON;-2.5;+2.5;4.90;1.18;4.90;1.18;4.28;1.22;4.28;1.22;2.94;1.41;2.94;1.41;2.57;1.51;2.57;1.51;1.25;3.99;1.25;3.99;1.21;4.45;1.21;4.45;1.09;7.77;1.09;7.77;
4haDHq9H;Zlín;Liberec;14.02.2020 17:30;2;4;2.70;4.30;2.25;2.67;4.30;2.27;4haDHq9H;-2.5;+2.5;6.75;1.11;6.75;1.11;3.89;1.26;3.89;1.26;3.47;1.31;3.47;1.31;1.46;2.72;1.46;2.72;1.37;3.09;1.37;3.09;1.20;4.58;1.20;4.58;1.17;5.22;1.17;5.22;
ERlmBsno;Třinec;Mountfield HK;14.02.2020 17:00;6;0;1.88;4.40;3.50;1.88;4.35;3.50;ERlmBsno;-2.5;+1.5;4.17;1.23;4.17;1.23;3.56;1.30;3.56;1.30;2.53;1.52;2.53;1.52;2.18;1.69;2.18;1.69;1.15;5.49;1.15;5.49;
rNMt4QvI;Sparta Praha;Mountfield HK;12.02.2020 18:30;2;3;1.97;4.20;3.32;1.97;4.15;3.35;rNMt4QvI;-2.5;+1.5;4.45;1.21;4.45;1.21;3.83;1.27;3.83;1.27;2.68;1.47;2.68;1.47;2.31;1.61;2.31;1.61;1.20;4.62;1.20;4.62;1.17;5.13;1.17;5.13;
f1jaM7fn;Kometa Brno;Vítkovice;12.02.2020 18:00;2;5;1.57;4.80;5.00;1.58;4.80;4.90;f1jaM7fn;-3.5;+1.5;5.20;1.17;5.20;1.17;4.42;1.21;4.42;1.21;2.82;1.44;2.82;1.44;2.38;1.58;2.38;1.58;1.92;1.88;1.92;1.88;1.67;2.19;1.67;2.19;1.09;7.59;1.09;7.59;
4xBk249U;Liberec;Litvínov;12.02.2020 18:00;5;4;1.50;5.40;5.15;1.50;5.35;5.20;4xBk249U;-3.5;+1.5;4.79;1.19;4.79;1.19;4.03;1.25;4.03;1.25;2.64;1.49;2.64;1.49;2.21;1.66;2.21;1.66;1.82;1.99;1.82;1.99;1.58;2.38;1.58;2.38;1.08;7.85;1.08;7.85;
xQu4LR9h;Kladno;Zlín;12.02.2020 17:20;2;3;2.40;4.20;2.55;2.34;4.20;2.62;xQu4LR9h;-2.5;+2.5;5.78;1.14;5.78;1.14;3.37;1.33;3.37;1.33;2.97;1.40;2.97;1.40;1.35;3.21;1.35;3.21;1.29;3.62;1.29;3.62;1.12;6.26;1.12;6.26;
GAieNmut;Třinec;Mladá Boleslav;12.02.2020 17:00;4;6;1.75;4.40;4.03;1.76;4.40;3.95;GAieNmut;-3.5;+1.5;6.98;1.10;6.98;1.10;3.56;1.30;3.56;1.30;3.03;1.39;3.03;1.39;2.27;1.63;2.27;1.63;1.96;1.85;1.96;1.85;1.12;6.29;1.12;6.29;
jTq8KoPb;Plzeň;Karlovy Vary;11.02.2020 17:30;3;1;1.60;4.80;4.70;1.60;4.80;4.70;jTq8KoPb;-3.5;+1.5;5.90;1.14;5.90;1.14;2.89;1.42;2.89;1.42;2.43;1.56;2.43;1.56;1.94;1.86;1.94;1.86;1.70;2.15;1.70;2.15;1.10;7.27;1.10;7.27;
tG7hqjJd;Sparta Praha;Vítkovice;04.02.2020 18:30;4;2;1.50;5.00;5.54;1.51;5.00;5.40;tG7hqjJd;-3.5;+1.5;5.24;1.16;5.24;1.16;4.31;1.22;4.31;1.22;2.61;1.49;2.61;1.49;2.18;1.69;2.18;1.69;1.78;2.03;1.78;2.03;1.57;2.40;1.57;2.40;1.08;8.10;1.08;8.10;
GdCM8lQn;Mladá Boleslav;Liberec;02.02.2020 16:30;4;1;2.61;4.20;2.35;2.52;4.20;2.43;GdCM8lQn;-2.5;+2.5;6.78;1.11;6.78;1.11;3.79;1.27;3.79;1.27;3.35;1.33;3.35;1.33;1.41;2.91;1.41;2.91;1.33;3.31;1.33;3.31;1.14;5.86;1.14;5.86;
MZCI9UAt;Sparta Praha;Kometa Brno;02.02.2020 16:00;4;3;2.30;4.10;2.72;2.31;4.10;2.70;MZCI9UAt;-2.5;+2.5;5.35;1.16;5.35;1.16;4.39;1.22;4.39;1.22;3.14;1.36;3.14;1.36;2.78;1.45;2.78;1.45;1.31;3.45;1.31;3.45;1.26;3.87;1.26;3.87;1.11;6.73;1.11;6.73;
px4w56PB;Vítkovice;Kladno;02.02.2020 16:00;3;0;2.00;4.20;3.25;2.01;4.20;3.20;px4w56PB;-2.5;+1.5;4.30;1.22;4.30;1.22;3.70;1.28;3.70;1.28;2.63;1.49;2.63;1.49;2.31;1.61;2.31;1.61;1.22;4.39;1.22;4.39;1.18;4.86;1.18;4.86;
AcpkRdtE;Karlovy Vary;Olomouc;02.02.2020 15:30;2;4;1.95;4.20;3.38;1.93;4.25;3.40;AcpkRdtE;-2.5;+1.5;4.40;1.21;4.40;1.21;3.76;1.27;3.76;1.27;2.61;1.50;2.61;1.50;2.27;1.64;2.27;1.64;1.21;4.44;1.21;4.44;1.16;5.30;1.16;5.30;
CO5V6Sfa;Litvínov;Třinec;02.02.2020 15:30;2;3;2.60;4.40;2.30;2.70;4.30;2.25;CO5V6Sfa;-2.5;+2.5;6.45;1.12;6.45;1.12;3.69;1.28;3.69;1.28;3.28;1.34;3.28;1.34;1.44;2.79;1.44;2.79;1.36;3.16;1.36;3.16;1.20;4.60;1.20;4.60;1.15;5.43;1.15;5.43;
fmBQ78ug;Zlín;Plzeň;02.02.2020 15:30;4;0;2.40;4.35;2.50;2.43;4.25;2.50;fmBQ78ug;-2.5;+2.5;5.82;1.14;5.82;1.14;3.35;1.33;3.35;1.33;2.96;1.40;2.96;1.40;1.37;3.12;1.37;3.12;1.30;3.52;1.30;3.52;1.13;6.16;1.13;6.16;
jF4Z5nA5;Mountfield HK;Pardubice;02.02.2020 15:00;3;4;1.73;4.70;3.90;1.74;4.65;3.90;jF4Z5nA5;-3.5;+1.5;7.85;1.09;7.85;1.09;3.77;1.27;3.77;1.27;3.15;1.36;3.15;1.36;2.27;1.63;2.27;1.63;1.94;1.86;1.94;1.86;1.12;6.41;1.12;6.41;
0MJk6e4l;Kladno;Karlovy Vary;31.01.2020 18:00;4;5;2.30;4.20;2.67;2.30;4.20;2.67;0MJk6e4l;-2.5;-2;-1.5;+2.5;5.40;1.16;5.40;1.16;4.57;1.20;4.57;1.20;3.15;1.36;3.15;1.36;2.78;1.44;2.78;1.44;1.32;3.40;1.32;3.40;1.27;3.81;1.27;3.81;1.11;6.65;1.11;6.65;
My8b4ZY0;Kometa Brno;Mladá Boleslav;31.01.2020 18:00;2;1;1.83;4.35;3.70;1.90;4.30;3.45;My8b4ZY0;-2.5;+1.5;8.13;1.08;8.13;1.08;3.88;1.26;3.88;1.26;3.29;1.34;3.29;1.34;2.38;1.58;2.38;1.58;2.07;1.76;2.07;1.76;1.14;5.83;1.14;5.83;
8h662D3D;Liberec;Vítkovice;31.01.2020 18:00;1;2;1.38;5.80;6.66;1.39;5.70;6.60;8h662D3D;-4.5;-1;7.15;1.10;7.15;1.10;4.11;1.24;4.11;1.24;3.28;1.34;3.28;1.34;2.18;1.68;2.18;1.68;1.80;2.01;1.80;2.01;1.56;2.43;1.56;2.43;1.39;3.01;1.39;3.01;
U1723gl7;Olomouc;Zlín;31.01.2020 18:00;3;1;2.12;4.10;3.02;2.10;4.30;2.96;U1723gl7;-2.5;+2.5;4.99;1.18;4.99;1.18;4.32;1.22;4.32;1.22;2.90;1.42;2.90;1.42;2.53;1.52;2.53;1.52;1.24;4.08;1.24;4.08;1.20;4.56;1.20;4.56;1.08;8.19;1.08;8.19;
ro9f5FJf;Pardubice;Litvínov;31.01.2020 18:00;1;2;2.20;4.00;2.92;2.25;3.95;2.86;ro9f5FJf;-2.5;+2.5;4.98;1.18;4.98;1.18;4.35;1.22;4.35;1.22;2.96;1.40;2.96;1.40;2.62;1.49;2.62;1.49;1.27;3.81;1.27;3.81;1.23;4.25;1.23;4.25;1.09;7.42;1.09;7.42;
UwTJBHtR;Plzeň;Mountfield HK;31.01.2020 17:30;2;3;1.90;4.40;3.41;1.90;4.40;3.40;UwTJBHtR;-2.5;+1.5;4.31;1.22;4.31;1.22;3.66;1.29;3.66;1.29;2.54;1.52;2.54;1.52;2.20;1.67;2.20;1.67;1.16;5.42;1.16;5.42;
nJFo7ykr;Třinec;Sparta Praha;31.01.2020 17:00;5;1;2.00;4.20;3.24;2.00;4.20;3.25;nJFo7ykr;-2.5;+2.5;4.27;1.22;4.27;1.22;3.68;1.28;3.68;1.28;2.62;1.49;2.62;1.49;2.30;1.62;2.30;1.62;1.22;4.36;1.22;4.36;1.19;4.83;1.19;4.83;1.08;8.16;1.08;8.16;
tInPkzK7;Sparta Praha;Liberec;29.01.2020 18:30;2;6;2.40;4.20;2.55;2.36;4.20;2.60;tInPkzK7;-2.5;-2;-1.5;+2.5;5.93;1.14;5.93;1.14;4.54;1.20;4.54;1.20;3.37;1.32;3.37;1.32;2.98;1.40;2.98;1.40;1.35;3.23;1.35;3.23;1.29;3.65;1.29;3.65;1.12;6.45;1.12;6.45;
8SfChxzk;Kometa Brno;Třinec;28.01.2020 18:00;1;0;2.30;4.30;2.63;2.31;4.35;2.60;8SfChxzk;
YBZADwCE;Mountfield HK;Kladno;28.01.2020 18:00;4;1;1.55;5.00;4.95;1.56;4.90;4.95;YBZADwCE;-3.5;+1.5;6.55;1.12;6.55;1.12;3.04;1.38;3.04;1.38;2.51;1.53;2.51;1.53;1.94;1.87;1.94;1.87;1.67;2.21;1.67;2.21;1.08;8.18;1.08;8.18;
jmUFCcRK;Karlovy Vary;Pardubice;28.01.2020 17:30;2;3;1.85;4.45;3.55;1.82;4.60;3.55;jmUFCcRK;-3.5;+1.5;8.05;1.08;8.05;1.08;3.80;1.27;3.80;1.27;3.24;1.35;3.24;1.35;2.38;1.58;2.38;1.58;2.08;1.75;2.08;1.75;1.15;5.45;1.15;5.45;
nJgGidke;Mladá Boleslav;Olomouc;28.01.2020 17:30;3;0;1.80;4.30;3.86;1.80;4.30;3.85;nJgGidke;
UsqLjG41;Vítkovice;Zlín;28.01.2020 17:30;1;0;2.30;4.20;2.67;2.30;4.30;2.63;UsqLjG41;-2.5;+2.5;5.35;1.16;5.35;1.16;3.14;1.36;3.14;1.36;2.78;1.45;2.78;1.45;1.32;3.38;1.32;3.38;1.27;3.79;1.27;3.79;1.11;6.60;1.11;6.60;
fLz7EJd8;Litvínov;Plzeň;28.01.2020 17:20;5;1;2.68;4.35;2.25;2.67;4.45;2.23;fLz7EJd8;-2.5;+2.5;6.63;1.11;6.63;1.11;3.81;1.27;3.81;1.27;3.40;1.32;3.40;1.32;1.47;2.70;1.47;2.70;1.38;3.05;1.38;3.05;1.20;4.53;1.20;4.53;1.17;5.18;1.17;5.18;
vgj8gIKr;Zlín;Karlovy Vary;26.01.2020 17:20;5;6;1.90;4.40;3.41;1.94;4.35;3.30;vgj8gIKr;-2.5;+1.5;7.98;1.08;7.98;1.08;3.97;1.25;3.97;1.25;3.39;1.32;3.39;1.32;2.46;1.55;2.46;1.55;2.16;1.70;2.16;1.70;1.20;4.57;1.20;4.57;1.17;5.18;1.17;5.18;
fLEyavcL;Olomouc;Vítkovice;26.01.2020 17:00;4;5;1.85;4.30;3.65;1.85;4.30;3.65;fLEyavcL;-2.5;+1.5;4.03;1.25;4.03;1.25;3.41;1.32;3.41;1.32;2.43;1.56;2.43;1.56;2.11;1.73;2.11;1.73;1.14;5.80;1.14;5.80;
M1ikwcz2;Plzeň;Sparta Praha;26.01.2020 16:30;6;3;2.25;4.10;2.80;2.28;4.05;2.68;M1ikwcz2;-2.5;+2.5;5.22;1.16;5.22;1.16;4.56;1.20;4.56;1.20;3.06;1.38;3.06;1.38;2.70;1.47;2.70;1.47;1.29;3.61;1.29;3.61;1.25;4.04;1.25;4.04;1.10;7.08;1.10;7.08;
xp4tbbCR;Kladno;Třinec;26.01.2020 16:00;1;2;2.95;4.45;2.07;3.00;4.20;2.10;xp4tbbCR;-2.5;+2.5;7.83;1.09;7.83;1.09;4.40;1.21;4.40;1.21;3.93;1.26;3.93;1.26;1.56;2.44;1.56;2.44;1.44;2.79;1.44;2.79;1.24;4.09;1.24;4.09;1.19;4.74;1.19;4.74;
tIAXaKsF;Liberec;Mountfield HK;26.01.2020 16:00;5;1;1.73;4.50;4.05;1.75;4.45;4.00;tIAXaKsF;-3.5;+1.5;8.12;1.08;8.12;1.08;3.78;1.27;3.78;1.27;3.16;1.36;3.16;1.36;2.27;1.63;2.27;1.63;1.94;1.86;1.94;1.86;1.11;6.71;1.11;6.71;
84CP1tD2;Kometa Brno;Litvínov;26.01.2020 15:00;4;3;1.46;5.50;5.55;1.45;5.50;5.70;84CP1tD2;-4.5;-1;8.12;1.08;8.12;1.08;4.73;1.19;4.73;1.19;3.86;1.26;3.86;1.26;2.44;1.56;2.44;1.56;2.04;1.78;2.04;1.78;1.71;2.14;1.71;2.14;1.52;2.55;1.52;2.55;
neBT00S8;Pardubice;Mladá Boleslav;26.01.2020 15:00;2;3;2.55;4.05;2.45;2.57;4.00;2.45;neBT00S8;-2.5;+2.5;6.52;1.12;6.52;1.12;3.67;1.29;3.67;1.29;3.24;1.35;3.24;1.35;1.38;3.07;1.38;3.07;1.31;3.48;1.31;3.48;1.23;4.26;1.23;4.26;1.13;6.17;1.13;6.17;
Kladno;4.46;1.21;4.46;Litvínov;-2.5;3;rmAbmsb9;5;rmAbmsb9;24.01.2020 18:00;rmAbmsb9;3.86;1.26;3.86;1.26;2.71;1.46;2.71;1.46;2.38;1.58;2.38;1.58;1.25;4.02;1.25;4.02;1.21;4.47;1.21;4.47;1.09;7.80;1.09;7.80;
U3CApurS;Liberec;Karlovy Vary;24.01.2020 18:00;2;3;1.47;5.60;5.30;1.48;5.40;5.40;U3CApurS;-3.5;+1.5;5.34;1.16;5.34;1.16;4.38;1.22;4.38;1.22;2.62;1.49;2.62;1.49;2.16;1.70;2.16;1.70;1.76;2.06;1.76;2.06;1.54;2.48;1.54;2.48;1.08;8.13;1.08;8.13;
Mw92n1DF;Olomouc;Sparta Praha;24.01.2020 18:00;4;1;2.85;4.00;2.25;2.87;4.00;2.23;Mw92n1DF;-2.5;+2.5;7.56;1.09;7.56;1.09;4.22;1.23;4.22;1.23;3.75;1.27;3.75;1.27;1.46;2.73;1.46;2.73;1.37;3.11;1.37;3.11;1.20;4.58;1.20;4.58;1.15;5.45;1.15;5.45;
zokwtajq;Pardubice;Kometa Brno;24.01.2020 18:00;4;2;2.91;4.40;2.10;3.00;4.40;2.05;zokwtajq;-2.5;+2.5;7.76;1.09;7.76;1.09;4.34;1.22;4.34;1.22;3.87;1.26;3.87;1.26;1.53;2.50;1.53;2.50;1.43;2.86;1.43;2.86;1.23;4.23;1.23;4.23;1.18;4.89;1.18;4.89;
llgsuJ5k;Plzeň;Třinec;24.01.2020 17:30;5;2;2.10;4.25;2.93;2.20;4.25;2.80;llgsuJ5k;-2.5;+2.5;4.83;1.19;4.83;1.19;4.18;1.23;4.18;1.23;2.85;1.43;2.85;1.43;2.50;1.53;2.50;1.53;1.26;3.91;1.26;3.91;1.22;4.37;1.22;4.37;1.09;7.76;1.09;7.76;
rBhovwLe;Vítkovice;Mountfield HK;24.01.2020 17:30;1;4;3.00;4.20;2.10;2.82;4.20;2.20;rBhovwLe;-2.5;+2.5;7.97;1.08;7.97;1.08;4.67;1.20;4.67;1.20;4.14;1.24;4.14;1.24;1.52;2.54;1.52;2.54;1.41;2.94;1.41;2.94;1.16;5.23;1.16;5.23;
jDD6oLSL;Zlín;Mladá Boleslav;24.01.2020 17:30;4;1;2.15;4.20;2.91;2.25;4.20;2.75;jDD6oLSL;-2.5;+2.5;5.08;1.17;5.08;1.17;4.40;1.21;4.40;1.21;2.94;1.40;2.94;1.40;2.57;1.51;2.57;1.51;1.26;3.87;1.26;3.87;1.22;4.34;1.22;4.34;1.09;7.76;1.09;7.76;
ljdMemU7;Mladá Boleslav;Třinec;22.01.2020 17:30;1;2;2.30;4.20;2.67;2.30;4.20;2.67;ljdMemU7;-2.5;+2.5;5.80;1.14;5.80;1.14;3.25;1.34;3.25;1.34;2.84;1.43;2.84;1.43;1.31;3.48;1.31;3.48;1.25;3.95;1.25;3.95;1.10;7.14;1.10;7.14;
lScZdx9p;Vítkovice;Liberec;21.01.2020 17:30;3;7;3.35;4.50;1.90;3.40;4.43;1.90;lScZdx9p;-1.5;+3.5;4.99;1.18;4.99;1.18;4.52;1.21;4.52;1.21;1.71;2.14;1.71;2.14;1.56;2.44;1.56;2.44;1.33;3.31;1.33;3.31;1.26;3.86;1.26;3.86;1.08;8.08;1.08;8.08;
zoT7QJjd;Mladá Boleslav;Kladno;19.01.2020 17:20;5;2;1.52;4.80;5.53;1.51;4.85;5.50;zoT7QJjd;-3.5;+1.5;5.56;1.15;5.56;1.15;4.59;1.20;4.59;1.20;2.70;1.47;2.70;1.47;2.23;1.66;2.23;1.66;1.80;2.02;1.80;2.02;1.57;2.41;1.57;2.41;1.08;8.06;1.08;8.06;
llHkk3Td;Mountfield HK;Zlín;19.01.2020 16:00;4;2;1.90;4.30;3.47;1.90;4.30;3.45;llHkk3Td;-2.5;+1.5;4.35;1.22;4.35;1.22;3.69;1.28;3.69;1.28;2.55;1.51;2.55;1.51;2.20;1.67;2.20;1.67;1.15;5.57;1.15;5.57;
xAmXWLDS;Sparta Praha;Pardubice;19.01.2020 16:00;2;1;1.44;5.85;5.50;1.46;5.65;5.40;xAmXWLDS;-3.5;-1;7.98;1.08;7.98;1.08;5.23;1.16;5.23;1.16;4.28;1.22;4.28;1.22;2.58;1.50;2.58;1.50;2.13;1.71;2.13;1.71;1.75;2.08;1.75;2.08;1.53;2.50;1.53;2.50;
0OKglNr3;Vítkovice;Karlovy Vary;19.01.2020 16:00;0;3;2.35;3.90;2.70;2.35;4.00;2.64;0OKglNr3;-2.5;+2.5;5.53;1.15;5.53;1.15;3.23;1.35;3.23;1.35;2.87;1.42;2.87;1.42;1.31;3.45;1.31;3.45;1.26;3.86;1.26;3.86;1.11;6.70;1.11;6.70;
Litvínov;5.58;1.15;5.58;Olomouc;-2.5;1;dfU3Rayj;3;dfU3Rayj;19.01.2020 15:30;dfU3Rayj;3.20;1.35;3.20;1.35;2.82;1.43;2.82;1.43;1.31;3.45;1.31;3.45;1.26;3.88;1.26;3.88;1.11;6.87;1.11;6.87;
vJZbSuMq;Kometa Brno;Plzeň;19.01.2020 15:00;5;2;2.20;4.25;2.80;2.20;4.25;2.80;vJZbSuMq;-2.5;+2.5;5.18;1.17;5.18;1.17;4.52;1.21;4.52;1.21;3.01;1.39;3.01;1.39;2.64;1.48;2.64;1.48;1.29;3.65;1.29;3.65;1.24;4.10;1.24;4.10;1.10;7.28;1.10;7.28;
rmlTX1bM;Třinec;Liberec;19.01.2020 15:00;4;3;2.30;4.25;2.65;2.30;4.10;2.71;rmlTX1bM;-2.5;-2;-1.5;+2.5;5.62;1.15;5.62;1.15;4.35;1.22;4.35;1.22;3.21;1.35;3.21;1.35;2.82;1.44;2.82;1.44;1.32;3.41;1.32;3.41;1.26;3.84;1.26;3.84;1.11;6.84;1.11;6.84;
04dCypac;Zlín;Sparta Praha;18.01.2020 15:00;4;1;2.60;4.10;2.40;2.60;4.15;2.38;04dCypac;-2.5;+2.5;6.27;1.12;6.27;1.12;3.63;1.29;3.63;1.29;3.24;1.35;3.24;1.35;1.41;2.92;1.41;2.92;1.34;3.29;1.34;3.29;1.15;5.61;1.15;5.61;
nLfKZNT9;Kladno;Kometa Brno;17.01.2020 18:00;5;1;2.98;4.25;2.10;3.05;4.30;2.05;nLfKZNT9;-2.5;+2.5;7.94;1.08;7.94;1.08;4.46;1.21;4.46;1.21;3.98;1.25;3.98;1.25;1.54;2.49;1.54;2.49;1.43;2.85;1.43;2.85;1.23;4.19;1.23;4.19;1.18;4.85;1.18;4.85;
8UeGz4E3;Liberec;Plzeň;17.01.2020 18:00;7;1;1.86;4.50;3.48;1.88;4.50;3.40;8UeGz4E3;-2.5;+1.5;8.17;1.08;8.17;1.08;4.01;1.25;4.01;1.25;3.41;1.32;3.41;1.32;2.44;1.56;2.44;1.56;2.12;1.72;2.12;1.72;1.15;5.45;1.15;5.45;
UqpPYsqG;Olomouc;Mountfield HK;17.01.2020 18:00;2;0;2.51;4.00;2.51;2.56;3.90;2.50;UqpPYsqG;-2.5;+2.5;7.13;1.10;7.13;1.10;3.79;1.27;3.79;1.27;3.30;1.34;3.30;1.34;1.34;3.30;1.34;3.30;1.27;3.79;1.27;3.79;1.10;7.13;1.10;7.13;
65FLEMip;Pardubice;Třinec;17.01.2020 18:00;2;3;3.71;4.85;1.75;3.45;4.70;1.83;65FLEMip;-1.5;+3.5;5.81;1.14;5.81;1.14;1.86;1.94;1.86;1.94;1.65;2.24;1.65;2.24;1.39;3.00;1.39;3.00;1.30;3.56;1.30;3.56;1.09;7.58;1.09;7.58;
K8JPDt7j;Karlovy Vary;Mladá Boleslav;17.01.2020 17:30;2;4;2.51;4.00;2.51;2.50;4.00;2.52;K8JPDt7j;-2.5;+2.5;6.24;1.12;6.24;1.12;3.55;1.30;3.55;1.30;3.15;1.36;3.15;1.36;1.36;3.14;1.36;3.14;1.30;3.55;1.30;3.55;1.12;6.24;1.12;6.24;
MDc8xQqi;Vítkovice;Litvínov;17.01.2020 17:30;5;3;2.05;4.15;3.15;2.10;4.20;3.00;MDc8xQqi;-2.5;+2.5;4.51;1.21;4.51;1.21;3.90;1.26;3.90;1.26;2.72;1.46;2.72;1.46;2.39;1.58;2.39;1.58;1.23;4.23;1.23;4.23;1.19;4.70;1.19;4.70;1.08;7.90;1.08;7.90;
QoCo3pfO;Pardubice;Olomouc;14.01.2020 18:00;3;2;2.65;4.10;2.35;2.50;4.10;2.48;QoCo3pfO;-2.5;+2.5;7.12;1.10;7.12;1.10;3.92;1.26;3.92;1.26;3.46;1.31;3.46;1.31;1.41;2.93;1.41;2.93;1.33;3.36;1.33;3.36;1.13;6.03;1.13;6.03;
2aiRoF4E;Plzeň;Liberec;14.01.2020 17:30;3;2;2.25;4.25;2.75;2.26;4.25;2.71;2aiRoF4E;-2.5;+2.5;5.34;1.16;5.34;1.16;3.09;1.37;3.09;1.37;2.71;1.46;2.71;1.46;1.30;3.55;1.30;3.55;1.25;3.99;1.25;3.99;1.10;7.07;1.10;7.07;
IsbqYAh5;Plzeň;Pardubice;12.01.2020 16:30;5;0;1.37;6.15;6.47;1.37;6.00;6.60;IsbqYAh5;-4.5;-1;7.69;1.09;7.69;1.09;4.39;1.22;4.39;1.22;3.52;1.30;3.52;1.30;2.27;1.63;2.27;1.63;1.87;1.94;1.87;1.94;1.59;2.36;1.59;2.36;1.41;2.93;1.41;2.93;
nqsYzD8n;Liberec;Kometa Brno;12.01.2020 16:20;5;0;1.88;4.40;3.47;1.96;4.40;3.25;nqsYzD8n;-2.5;+1;3.95;1.25;3.95;1.25;3.37;1.33;3.37;1.33;2.44;1.56;2.44;1.56;2.13;1.71;2.13;1.71;1.20;4.62;1.20;4.62;1.16;5.34;1.16;5.34;
E9ihWlNH;Mountfield HK;Karlovy Vary;12.01.2020 16:00;5;0;1.83;4.40;3.66;1.84;4.40;3.60;E9ihWlNH;-2.5;+1.5;8.07;1.08;8.07;1.08;3.96;1.25;3.96;1.25;3.35;1.33;3.35;1.33;2.40;1.57;2.40;1.57;2.08;1.75;2.08;1.75;1.14;5.83;1.14;5.83;
4KiTyggt;Sparta Praha;Kladno;12.01.2020 16:00;4;8;1.39;5.70;6.55;1.40;5.80;6.20;4KiTyggt;-4.5;-1;7.83;1.09;7.83;1.09;4.48;1.21;4.48;1.21;3.60;1.29;3.60;1.29;2.31;1.61;2.31;1.61;1.90;1.90;1.90;1.90;1.62;2.30;1.62;2.30;1.43;2.83;1.43;2.83;
pUayzXNh;Litvínov;Zlín;12.01.2020 15:30;2;6;2.28;4.30;2.66;2.35;4.25;2.59;pUayzXNh;-2.5;+2.5;5.27;1.16;5.27;1.16;3.10;1.37;3.10;1.37;2.74;1.45;2.74;1.45;1.33;3.37;1.33;3.37;1.27;3.77;1.27;3.77;1.12;6.55;1.12;6.55;
zJhlXU7B;Třinec;Olomouc;12.01.2020 15:00;2;3;1.48;5.40;5.37;1.50;5.30;5.20;zJhlXU7B;-3.5;-1;5.91;1.14;5.91;1.14;2.79;1.44;2.79;1.44;2.29;1.63;2.29;1.63;1.81;1.99;1.81;1.99;1.57;2.42;1.57;2.42;
viauZjwa;Mladá Boleslav;Vítkovice;11.01.2020 16:00;6;3;1.52;4.70;5.70;1.53;4.70;5.50;viauZjwa;-3.5;-1;5.61;1.15;5.61;1.15;4.32;1.22;4.32;1.22;2.73;1.46;2.73;1.46;2.27;1.63;2.27;1.63;1.83;1.98;1.83;1.98;1.60;2.33;1.60;2.33;
EeCJHk8O;Sparta Praha;Vítkovice;10.01.2020 18:30;5;3;1.40;5.50;6.60;1.41;5.45;6.50;EeCJHk8O;-4.5;-1;7.92;1.08;7.92;1.08;4.56;1.20;4.56;1.20;3.68;1.28;3.68;1.28;2.36;1.59;2.36;1.59;1.95;1.85;1.95;1.85;1.65;2.24;1.65;2.24;1.46;2.72;1.46;2.72;
vwK6KiO5;Kladno;Plzeň;10.01.2020 18:00;1;3;3.60;4.70;1.80;3.50;4.55;1.85;vwK6KiO5;-1.5;-1;+1;+3.5;7.85;1.09;7.85;1.09;5.59;1.15;5.59;1.15;4.54;1.20;4.54;1.20;1.80;2.02;1.80;2.02;1.61;2.32;1.61;2.32;1.36;3.15;1.36;3.15;1.28;3.72;1.28;3.72;1.08;7.93;1.08;7.93;
htOAJBwC;Liberec;Pardubice;10.01.2020 18:00;5;2;1.38;5.80;6.70;1.38;5.80;6.70;htOAJBwC;
6PLbMDgg;Mountfield HK;Mladá Boleslav;10.01.2020 18:00;2;3;1.93;4.30;3.40;1.94;4.25;3.35;6PLbMDgg;-2.5;+1;4.72;1.19;4.72;1.19;4.00;1.25;4.00;1.25;2.67;1.48;2.67;1.48;2.28;1.63;2.28;1.63;1.20;4.55;1.20;4.55;1.15;5.58;1.15;5.58;
pGK2LX8a;Olomouc;Kometa Brno;10.01.2020 18:00;1;2;2.40;4.25;2.53;2.35;4.25;2.61;pGK2LX8a;-2.5;+2.5;6.28;1.12;6.28;1.12;3.47;1.31;3.47;1.31;3.03;1.39;3.03;1.39;1.34;3.26;1.34;3.26;1.28;3.71;1.28;3.71;1.11;6.76;1.11;6.76;
z5DFIVhI;Karlovy Vary;Litvínov;10.01.2020 17:30;3;2;1.80;4.50;3.71;1.85;4.40;3.60;z5DFIVhI;
2B51tZpP;Zlín;Třinec;10.01.2020 17:30;2;4;2.46;4.30;2.46;2.50;4.25;2.43;2B51tZpP;-2.5;+2.5;5.94;1.13;5.94;1.13;3.43;1.32;3.43;1.32;3.04;1.38;3.04;1.38;1.38;3.04;1.38;3.04;1.32;3.43;1.32;3.43;1.13;5.94;1.13;5.94;
YFksMqrD;Sparta Praha;Mladá Boleslav;07.01.2020 18:30;3;2;1.77;4.50;3.85;1.75;4.40;4.05;YFksMqrD;-3.5;+1.5;7.89;1.08;7.89;1.08;3.68;1.28;3.68;1.28;3.10;1.37;3.10;1.37;2.28;1.63;2.28;1.63;1.98;1.83;1.98;1.83;1.13;6.11;1.13;6.11;
4towNPS6;Pardubice;Kladno;05.01.2020 17:00;3;4;2.10;4.30;2.96;2.11;4.30;2.94;4towNPS6;-2.5;+2.5;4.91;1.18;4.91;1.18;4.24;1.23;4.24;1.23;2.86;1.42;2.86;1.42;2.50;1.53;2.50;1.53;1.25;3.96;1.25;3.96;1.21;4.44;1.21;4.44;1.08;7.96;1.08;7.96;
UsJVSFGP;Plzeň;Vítkovice;05.01.2020 16:30;6;4;1.48;5.20;5.60;1.49;5.20;5.40;UsJVSFGP;-3.5;-1;5.17;1.17;5.17;1.17;4.24;1.23;4.24;1.23;2.58;1.51;2.58;1.51;2.14;1.71;2.14;1.71;1.76;2.07;1.76;2.07;1.55;2.46;1.55;2.46;
GvFRTe1J;Liberec;Olomouc;05.01.2020 16:00;4;1;1.48;5.50;5.30;1.48;5.30;5.50;GvFRTe1J;-3.5;-1;5.91;1.14;5.91;1.14;2.79;1.44;2.79;1.44;2.29;1.63;2.29;1.63;1.81;2.00;1.81;2.00;1.57;2.42;1.57;2.42;
nN5cOZOt;Karlovy Vary;Třinec;05.01.2020 15:30;1;2;2.53;4.25;2.40;2.50;4.25;2.43;nN5cOZOt;-2.5;+2.5;6.22;1.13;6.22;1.13;3.57;1.30;3.57;1.30;3.17;1.36;3.17;1.36;1.40;2.95;1.40;2.95;1.33;3.33;1.33;3.33;1.14;5.78;1.14;5.78;
C6loL3cJ;Kometa Brno;Zlín;05.01.2020 15:00;2;3;1.57;5.00;4.80;1.59;4.95;4.65;C6loL3cJ;-3.5;+1.5;5.76;1.14;5.76;1.14;2.82;1.43;2.82;1.43;2.36;1.59;2.36;1.59;1.90;1.91;1.90;1.91;1.66;2.21;1.66;2.21;1.09;7.45;1.09;7.45;
pjqCJ5v5;Litvínov;Sparta Praha;04.01.2020 19:30;2;3;3.65;4.60;1.80;3.45;4.60;1.85;pjqCJ5v5;-1.5;+3.5;5.65;1.15;5.65;1.15;1.80;2.01;1.80;2.01;1.62;2.30;1.62;2.30;1.37;3.11;1.37;3.11;1.29;3.67;1.29;3.67;1.09;7.77;1.09;7.77;
vgEoX9jE;Kladno;Liberec;03.01.2020 18:00;2;0;3.40;4.60;1.88;3.30;4.60;1.90;vgEoX9jE;-1.5;-1;+1;+2.5;7.89;1.08;7.89;1.08;5.19;1.17;5.19;1.17;4.50;1.21;4.50;1.21;1.71;2.13;1.71;2.13;1.55;2.44;1.55;2.44;1.32;3.39;1.32;3.39;1.25;3.97;1.25;3.97;
QknZN5D0;Mountfield HK;Kometa Brno;03.01.2020 18:00;2;1;2.20;4.30;2.78;2.21;4.30;2.76;QknZN5D0;-2.5;+2.5;5.54;1.15;5.54;1.15;3.10;1.37;3.10;1.37;2.69;1.47;2.69;1.47;1.28;3.71;1.28;3.71;1.23;4.20;1.23;4.20;1.09;7.67;1.09;7.67;
IqDkWT5K;Olomouc;Plzeň;03.01.2020 18:00;2;3;2.68;4.35;2.25;2.70;4.30;2.25;IqDkWT5K;
rRdUOobf;Zlín;Pardubice;03.01.2020 17:30;4;1;1.63;4.80;4.45;1.64;4.80;4.35;rRdUOobf;-3.5;+1.5;6.39;1.12;6.39;1.12;3.07;1.38;3.07;1.38;2.57;1.51;2.57;1.51;2.01;1.80;2.01;1.80;1.76;2.07;1.76;2.07;1.10;6.98;1.10;6.98;
xUgMQ7Ts;Karlovy Vary;Sparta Praha;02.01.2020 17:30;3;5;2.85;4.10;2.22;2.84;4.15;2.20;xUgMQ7Ts;-2.5;+2.5;6.75;1.11;6.75;1.11;3.98;1.25;3.98;1.25;3.60;1.29;3.60;1.29;1.50;2.60;1.50;2.60;1.41;2.92;1.41;2.92;1.23;4.16;1.23;4.16;1.19;4.74;1.19;4.74;
COsHHUjR;Sparta Praha;Litvínov;30.12.2019 18:30;8;4;1.52;4.85;5.50;1.52;4.90;5.40;COsHHUjR;-3.5;-1;5.09;1.17;5.09;1.17;4.19;1.23;4.19;1.23;2.59;1.50;2.59;1.50;2.17;1.69;2.17;1.69;1.79;2.02;1.79;2.02;1.59;2.36;1.59;2.36;
I5KqDlar;Kladno;Olomouc;30.12.2019 18:00;3;4;2.35;4.30;2.55;2.45;4.20;2.50;I5KqDlar;-2.5;+2.5;6.44;1.12;6.44;1.12;3.52;1.30;3.52;1.30;3.07;1.38;3.07;1.38;1.34;3.26;1.34;3.26;1.28;3.73;1.28;3.73;1.11;6.85;1.11;6.85;
UNWfAnq1;Kometa Brno;Karlovy Vary;30.12.2019 18:00;9;1;1.70;4.70;4.06;1.77;4.40;3.90;UNWfAnq1;-3.5;+1.5;6.68;1.11;6.68;1.11;3.22;1.35;3.22;1.35;2.73;1.46;2.73;1.46;2.11;1.73;2.11;1.73;1.85;1.95;1.85;1.95;1.12;6.24;1.12;6.24;
ddJmC8El;Liberec;Zlín;30.12.2019 18:00;2;1;1.52;5.10;5.20;1.53;5.10;5.10;ddJmC8El;-3.5;+1.5;5.52;1.15;5.52;1.15;4.56;1.20;4.56;1.20;2.71;1.46;2.71;1.46;2.25;1.64;2.25;1.64;1.83;1.98;1.83;1.98;1.60;2.34;1.60;2.34;1.08;8.17;1.08;8.17;
jXXjBSTf;Pardubice;Vítkovice;30.12.2019 18:00;2;4;2.10;4.00;3.12;2.11;4.05;3.05;jXXjBSTf;-2.5;+2.5;4.87;1.18;4.87;1.18;4.21;1.23;4.21;1.23;2.85;1.43;2.85;1.43;2.49;1.54;2.49;1.54;1.23;4.24;1.23;4.24;1.19;4.74;1.19;4.74;1.09;7.82;1.09;7.82;
QkQ38QDD;Plzeň;Mladá Boleslav;30.12.2019 17:00;3;2;1.82;4.40;3.70;1.83;4.40;3.65;QkQ38QDD;-2.5;+1.5;7.98;1.08;7.98;1.08;3.84;1.26;3.84;1.26;3.25;1.34;3.25;1.34;2.36;1.59;2.36;1.59;2.05;1.77;2.05;1.77;1.14;5.83;1.14;5.83;
GxbEc9ae;Olomouc;Pardubice;28.12.2019 17:00;1;2;1.82;4.40;3.70;1.76;4.40;3.95;GxbEc9ae;-2.5;+1.5;4.11;1.24;4.11;1.24;3.48;1.31;3.48;1.31;2.46;1.55;2.46;1.55;2.12;1.72;2.12;1.72;1.14;5.77;1.14;5.77;
42fAbkpk;Mountfield HK;Sparta Praha;28.12.2019 16:00;5;2;2.52;4.00;2.50;2.52;4.00;2.50;42fAbkpk;-2.5;+2.5;6.64;1.11;6.64;1.11;3.67;1.28;3.67;1.28;3.22;1.35;3.22;1.35;1.36;3.19;1.36;3.19;1.29;3.63;1.29;3.63;1.12;6.57;1.12;6.57;
bLwDIAyL;Karlovy Vary;Plzeň;28.12.2019 15:30;4;3;2.51;4.30;2.40;2.47;4.25;2.46;bLwDIAyL;-2.5;+2.5;6.14;1.13;6.14;1.13;3.53;1.30;3.53;1.30;3.13;1.37;3.13;1.37;1.40;2.95;1.40;2.95;1.33;3.33;1.33;3.33;1.14;5.77;1.14;5.77;
AacIdTE1;Litvínov;Liberec;28.12.2019 15:30;3;4;2.96;4.30;2.10;2.96;4.30;2.10;AacIdTE1;-2.5;+2.5;7.59;1.09;7.59;1.09;4.33;1.22;4.33;1.22;3.89;1.26;3.89;1.26;1.55;2.47;1.55;2.47;1.44;2.80;1.44;2.80;1.24;4.05;1.24;4.05;1.20;4.67;1.20;4.67;
4bv9JjME;Zlín;Kladno;28.12.2019 15:30;6;0;1.72;4.60;4.05;1.72;4.60;4.05;4bv9JjME;-3.5;+1.5;7.22;1.10;7.22;1.10;3.41;1.32;3.41;1.32;2.87;1.42;2.87;1.42;2.17;1.69;2.17;1.69;1.89;1.91;1.89;1.91;1.12;6.35;1.12;6.35;
Q7u5KW68;Kometa Brno;Vítkovice;28.12.2019 15:00;3;1;1.48;5.00;5.85;1.48;5.00;5.80;Q7u5KW68;-3.5;-1;5.16;1.17;5.16;1.17;4.23;1.23;4.23;1.23;2.58;1.51;2.58;1.51;2.14;1.71;2.14;1.71;1.76;2.07;1.76;2.07;1.55;2.46;1.55;2.46;
Mw55aVUr;Kladno;Vítkovice;26.12.2019 18:00;2;1;2.20;4.05;2.90;2.20;4.20;2.82;Mw55aVUr;-2.5;-2;-1.5;+2.5;5.40;1.16;5.40;1.16;4.34;1.22;4.34;1.22;3.06;1.38;3.06;1.38;2.67;1.48;2.67;1.48;1.26;3.88;1.26;3.88;1.22;4.37;1.22;4.37;1.08;7.91;1.08;7.91;
tMpLKu1i;Kometa Brno;Sparta Praha;26.12.2019 17:30;5;3;2.35;4.00;2.70;2.35;4.00;2.69;tMpLKu1i;-2.5;+2.5;5.67;1.14;5.67;1.14;3.26;1.34;3.26;1.34;2.88;1.42;2.88;1.42;1.31;3.46;1.31;3.46;1.26;3.89;1.26;3.89;1.11;6.87;1.11;6.87;
SIdwddOj;Olomouc;Karlovy Vary;26.12.2019 17:00;4;2;2.40;4.20;2.55;2.40;4.10;2.59;SIdwddOj;-2.5;+2.5;6.25;1.12;6.25;1.12;3.46;1.31;3.46;1.31;3.03;1.39;3.03;1.39;1.34;3.29;1.34;3.29;1.28;3.74;1.28;3.74;1.11;6.80;1.11;6.80;
pEsxHc0G;Pardubice;Mountfield HK;26.12.2019 17:00;1;4;2.82;4.20;2.20;2.76;4.20;2.24;pEsxHc0G;-2.5;+2.5;7.76;1.09;7.76;1.09;4.26;1.23;4.26;1.23;3.77;1.27;3.77;1.27;1.47;2.69;1.47;2.69;1.37;3.09;1.37;3.09;1.15;5.49;1.15;5.49;
xlvUIJV3;Plzeň;Zlín;26.12.2019 16:30;2;4;1.55;5.20;4.77;1.55;4.90;5.10;xlvUIJV3;-3.5;+1.5;5.78;1.14;5.78;1.14;2.81;1.44;2.81;1.44;2.35;1.60;2.35;1.60;1.88;1.92;1.88;1.92;1.64;2.25;1.64;2.25;1.09;7.50;1.09;7.50;
fPlPJaGc;Liberec;Mladá Boleslav;26.12.2019 16:00;2;0;1.65;4.70;4.40;1.67;4.60;4.35;fPlPJaGc;-3.5;+1.5;6.92;1.11;6.92;1.11;3.25;1.34;3.25;1.34;2.72;1.46;2.72;1.46;2.07;1.75;2.07;1.75;1.80;2.02;1.80;2.02;1.10;7.05;1.10;7.05;
xS2g6tnb;Mountfield HK;Plzeň;22.12.2019 17:20;0;3;2.40;4.20;2.51;2.45;4.20;2.50;xS2g6tnb;-2.5;+2.5;6.42;1.12;6.42;1.12;3.52;1.30;3.52;1.30;3.07;1.38;3.07;1.38;1.34;3.26;1.34;3.26;1.28;3.73;1.28;3.73;1.11;6.83;1.11;6.83;
67fA2boN;Mladá Boleslav;Kometa Brno;22.12.2019 16:00;5;4;2.20;4.25;2.76;2.20;4.25;2.80;67fA2boN;-2.5;+2.5;5.30;1.16;5.30;1.16;4.61;1.20;4.61;1.20;3.05;1.38;3.05;1.38;2.67;1.48;2.67;1.48;1.29;3.63;1.29;3.63;1.24;4.08;1.24;4.08;1.10;7.29;1.10;7.29;
GI1c5014;Sparta Praha;Třinec;22.12.2019 16:00;3;2;2.10;4.20;2.96;2.11;4.20;2.98;GI1c5014;-2.5;+2.5;4.87;1.18;4.87;1.18;4.21;1.23;4.21;1.23;2.86;1.43;2.86;1.43;2.50;1.53;2.50;1.53;1.25;3.97;1.25;3.97;1.21;4.44;1.21;4.44;1.08;7.91;1.08;7.91;
bsi24KGA;Karlovy Vary;Kladno;22.12.2019 15:30;3;1;1.65;5.00;4.10;1.66;5.00;4.10;bsi24KGA;-3.5;+1.5;6.70;1.11;6.70;1.11;3.19;1.36;3.19;1.36;2.67;1.48;2.67;1.48;2.06;1.76;2.06;1.76;1.79;2.02;1.79;2.02;1.12;6.46;1.12;6.46;
Cpe63vWG;Litvínov;Pardubice;22.12.2019 15:30;4;3;1.75;4.50;3.86;1.76;4.45;3.95;Cpe63vWG;
pbgE1I0T;Zlín;Olomouc;22.12.2019 15:30;8;6;2.10;4.20;3.00;2.10;4.15;3.05;pbgE1I0T;-2.5;+2.5;4.98;1.18;4.98;1.18;4.30;1.22;4.30;1.22;2.88;1.42;2.88;1.42;2.51;1.53;2.51;1.53;1.24;4.06;1.24;4.06;1.20;4.56;1.20;4.56;1.08;8.21;1.08;8.21;
6gFylaWT;Liberec;Sparta Praha;20.12.2019 18:00;4;1;2.25;4.25;2.72;2.30;4.25;2.65;6gFylaWT;-2.5;+2.5;5.28;1.16;5.28;1.16;4.62;1.20;4.62;1.20;3.08;1.38;3.08;1.38;2.71;1.46;2.71;1.46;1.31;3.49;1.31;3.49;1.26;3.92;1.26;3.92;1.11;6.89;1.11;6.89;
YuHTkL1H;Olomouc;Mladá Boleslav;20.12.2019 18:00;3;2;2.52;4.30;2.40;2.49;4.20;2.45;YuHTkL1H;-2.5;+2.5;7.26;1.10;7.26;1.10;3.84;1.27;3.84;1.27;3.33;1.33;3.33;1.33;1.37;3.11;1.37;3.11;1.29;3.60;1.29;3.60;1.11;6.79;1.11;6.79;
8hbk7MWi;Pardubice;Karlovy Vary;20.12.2019 18:00;5;6;2.55;4.35;2.35;2.54;4.35;2.36;8hbk7MWi;-2.5;+2.5;6.30;1.12;6.30;1.12;3.61;1.29;3.61;1.29;3.20;1.35;3.20;1.35;1.42;2.87;1.42;2.87;1.34;3.25;1.34;3.25;1.15;5.62;1.15;5.62;
U1ao82Ho;Kladno;Mountfield HK;20.12.2019 17:30;3;1;2.95;4.40;2.08;2.81;4.35;2.17;U1ao82Ho;-2.5;+2.5;8.03;1.08;8.03;1.08;4.57;1.20;4.57;1.20;4.05;1.24;4.05;1.24;1.53;2.51;1.53;2.51;1.41;2.90;1.41;2.90;1.21;4.44;1.17;5.16;1.17;5.16;
SdL2qJvo;Plzeň;Litvínov;20.12.2019 17:30;6;2;1.52;5.30;5.00;1.55;5.20;4.75;SdL2qJvo;-3.5;+1.5;5.61;1.15;5.61;1.15;4.54;1.20;4.54;1.20;2.74;1.46;2.74;1.46;2.28;1.63;2.28;1.63;1.83;1.97;1.83;1.97;1.60;2.33;1.60;2.33;1.08;7.89;1.08;7.89;
Zlín;4.63;1.20;4.63;Vítkovice;-2.5;3;CWFXluHN;2;CWFXluHN;20.12.2019 17:30;CWFXluHN;3.99;1.25;3.99;1.25;2.75;1.45;2.75;1.45;2.41;1.57;2.41;1.57;1.23;4.17;1.23;4.17;1.20;4.65;1.20;4.65;1.08;7.95;1.08;7.95;
vJefyMnO;Sparta Praha;Plzeň;18.12.2019 18:30;2;1;2.05;4.30;3.06;2.00;4.31;3.15;vJefyMnO;-2.5;+1.5;8.12;1.08;8.12;1.08;4.50;1.21;4.50;1.21;3.89;1.26;3.89;1.26;2.72;1.46;2.72;1.46;2.39;1.58;2.39;1.58;1.24;4.07;1.24;4.07;1.21;4.53;1.21;4.53;
nPU7fqmn;Mountfield HK;Liberec;18.12.2019 18:00;2;3;2.25;4.20;2.74;2.30;4.20;2.69;nPU7fqmn;-2.5;+2.5;5.64;1.15;5.64;1.15;3.17;1.36;3.17;1.36;2.76;1.45;2.76;1.45;1.29;3.61;1.29;3.61;1.24;4.08;1.24;4.08;1.09;7.41;1.09;7.41;
xENKisX4;Karlovy Vary;Zlín;18.12.2019 17:30;3;2;1.95;4.50;3.20;1.88;4.50;3.40;xENKisX4;-3.5;+2.5;7.64;1.09;7.64;1.09;4.21;1.23;4.21;1.23;3.61;1.29;3.61;1.29;2.56;1.51;2.56;1.51;2.24;1.65;2.24;1.65;1.22;4.34;1.22;4.34;1.19;4.82;1.19;4.82;1.08;8.10;1.08;8.10;
I9fbzt2U;Litvínov;Kometa Brno;18.12.2019 17:30;5;2;2.67;4.30;2.27;2.66;4.30;2.28;I9fbzt2U;-2.5;+2.5;6.80;1.11;6.80;1.11;3.85;1.26;3.85;1.26;3.42;1.32;3.42;1.32;1.45;2.75;1.45;2.75;1.37;3.13;1.37;3.13;1.16;5.42;1.16;5.42;
UmKCg32h;Vítkovice;Olomouc;18.12.2019 17:30;5;3;2.45;4.00;2.57;2.48;4.00;2.54;UmKCg32h;-2.5;+2.5;6.22;1.13;6.22;1.13;3.49;1.31;3.49;1.31;3.08;1.38;3.08;1.38;1.34;3.28;1.34;3.28;1.28;3.72;1.28;3.72;1.11;6.64;1.11;6.64;
riOGhNHb;Třinec;Kladno;18.12.2019 17:00;2;1;1.34;6.60;6.80;1.34;6.50;6.80;riOGhNHb;-4.5;-1;6.84;1.11;6.84;1.11;3.94;1.25;3.94;1.25;3.13;1.37;3.13;1.37;2.11;1.73;2.11;1.73;1.74;2.09;1.74;2.09;1.52;2.53;1.52;2.53;1.35;3.19;1.35;3.19;
8YV3ePXu;Mladá Boleslav;Pardubice;17.12.2019 17:30;4;1;1.60;5.00;4.50;1.60;5.00;4.50;8YV3ePXu;-3.5;+1.5;6.72;1.11;6.72;1.11;3.14;1.36;3.14;1.36;2.61;1.49;2.61;1.49;2.00;1.81;2.00;1.81;1.73;2.11;1.73;2.11;1.10;7.30;1.10;7.30;
G4MOj1nB;Třinec;Kometa Brno;16.12.2019 17:00;1;4;1.83;4.60;3.55;1.83;4.65;3.50;G4MOj1nB;-3.5;+1.5;7.92;1.08;7.92;1.08;3.74;1.28;3.74;1.28;3.18;1.36;3.18;1.36;2.35;1.60;2.35;1.60;2.05;1.77;2.05;1.77;1.15;5.44;1.15;5.44;
lU2svO25;Pardubice;Kometa Brno;08.12.2019 17:00;6;2;3.46;4.60;1.85;3.45;4.40;1.88;lU2svO25;-1.5;+2.5;5.52;1.15;5.52;1.15;1.72;2.12;1.72;2.12;1.55;2.46;1.55;2.46;1.31;3.49;1.31;3.49;1.24;4.12;1.24;4.12;
Aw4wu4ma;Karlovy Vary;Liberec;08.12.2019 16:20;3;2;2.62;4.40;2.28;2.61;4.35;2.30;Aw4wu4ma;-2.5;+2.5;6.51;1.12;6.51;1.12;3.73;1.28;3.73;1.28;3.32;1.33;3.32;1.33;1.45;2.76;1.45;2.76;1.37;3.12;1.37;3.12;1.16;5.36;1.16;5.36;
h29YupYh;Mladá Boleslav;Zlín;08.12.2019 16:00;3;6;1.67;5.00;4.05;1.70;4.75;3.90;h29YupYh;-3.5;+1.5;7.17;1.10;7.17;1.10;3.35;1.33;3.35;1.33;2.80;1.44;2.80;1.44;2.11;1.73;2.11;1.73;1.83;1.98;1.83;1.98;1.12;6.46;1.12;6.46;
df6kx2XH;Mountfield HK;Vítkovice;08.12.2019 16:00;0;2;1.55;5.00;4.95;1.56;5.00;4.75;df6kx2XH;-3.5;+1.5;6.16;1.13;6.16;1.13;2.93;1.41;2.93;1.41;2.43;1.56;2.43;1.56;1.91;1.89;1.91;1.89;1.65;2.23;1.65;2.23;1.08;7.99;1.08;7.99;
EBAUtQIn;Sparta Praha;Olomouc;08.12.2019 16:00;1;2;1.53;5.00;5.17;1.56;4.70;5.20;EBAUtQIn;-3.5;-1;5.97;1.13;5.97;1.13;2.85;1.43;2.85;1.43;2.36;1.59;2.36;1.59;1.87;1.93;1.87;1.93;1.63;2.29;1.63;2.29;
KlBQs63t;Litvínov;Kladno;08.12.2019 15:30;4;1;1.70;4.50;4.23;1.71;4.50;4.15;KlBQs63t;-3.5;+1;6.56;1.12;6.56;1.12;3.18;1.36;3.18;1.36;2.70;1.47;2.70;1.47;2.10;1.74;2.10;1.74;1.84;1.96;1.84;1.96;1.21;4.48;1.21;4.48;1.12;6.49;1.12;6.49;
ri2owrIB;Třinec;Plzeň;08.12.2019 15:00;5;2;1.95;4.40;3.26;1.97;4.40;3.20;ri2owrIB;-2.5;+2.5;4.08;1.24;4.08;1.24;3.51;1.31;3.51;1.31;2.53;1.52;2.53;1.52;2.23;1.66;2.23;1.66;1.22;4.39;1.22;4.39;1.18;4.85;1.18;4.85;1.08;8.16;1.08;8.16;
EBlaRpJa;Pardubice;Sparta Praha;07.12.2019 15:00;4;3;4.03;4.75;1.70;3.90;4.75;1.72;EBlaRpJa;-1.5;+3.5;6.27;1.12;6.27;1.12;1.94;1.86;1.94;1.86;1.72;2.13;1.72;2.13;1.45;2.78;1.45;2.78;1.34;3.29;1.34;3.29;1.11;6.91;1.11;6.91;
40sCOr3I;Kladno;Mladá Boleslav;06.12.2019 18:00;3;1;3.13;4.40;2.00;3.05;4.50;2.00;40sCOr3I;-1.5;+2.5;7.73;1.09;7.73;1.09;4.70;1.19;4.70;1.19;4.22;1.23;4.22;1.23;1.61;2.32;1.61;2.32;1.48;2.65;1.48;2.65;1.27;3.79;1.27;3.79;1.21;4.40;1.21;4.40;
08peSQ3g;Liberec;Třinec;06.12.2019 18:00;5;0;2.00;4.60;3.05;2.05;4.55;2.95;08peSQ3g;-2.5;+2.5;4.36;1.22;4.36;1.22;3.75;1.27;3.75;1.27;2.64;1.48;2.64;1.48;2.32;1.61;2.32;1.61;1.24;4.06;1.24;4.06;1.21;4.52;1.21;4.52;1.08;7.94;1.08;7.94;
zRx8POmC;Olomouc;Litvínov;06.12.2019 18:00;3;1;1.97;4.50;3.15;1.95;4.45;3.25;zRx8POmC;-2.5;+1.5;4.70;1.19;4.70;1.19;4.01;1.25;4.01;1.25;2.70;1.47;2.70;1.47;2.33;1.61;2.33;1.61;1.21;4.43;1.21;4.43;1.18;4.97;1.18;4.97;
pdKbnneP;Karlovy Vary;Vítkovice;06.12.2019 17:30;9;1;1.72;4.50;4.11;1.68;4.65;4.20;pdKbnneP;-3.5;+1.5;7.07;1.10;7.07;1.10;3.36;1.33;3.36;1.33;2.84;1.43;2.84;1.43;2.16;1.70;2.16;1.70;1.89;1.91;1.89;1.91;1.12;6.42;1.12;6.42;
dzv4Q4Y5;Plzeň;Kometa Brno;06.12.2019 17:30;4;2;2.05;4.30;3.06;2.10;4.35;2.93;dzv4Q4Y5;-2.5;+2.5;4.54;1.20;4.54;1.20;3.92;1.26;3.92;1.26;2.73;1.46;2.73;1.46;2.40;1.57;2.40;1.57;1.24;4.09;1.24;4.09;1.20;4.55;1.20;4.55;1.08;8.00;1.08;8.00;
ritGN2IO;Zlín;Mountfield HK;06.12.2019 17:30;0;4;2.25;4.20;2.74;2.30;4.20;2.67;ritGN2IO;-2.5;+2.5;5.68;1.14;5.68;1.14;3.18;1.36;3.18;1.36;2.77;1.45;2.77;1.45;1.29;3.62;1.29;3.62;1.24;4.10;1.24;4.10;1.09;7.47;1.09;7.47;
zL7fVmLQ;Mladá Boleslav;Litvínov;03.12.2019 17:30;4;6;1.52;5.50;4.85;1.52;5.15;5.10;zL7fVmLQ;-3.5;+1.5;6.00;1.13;6.00;1.13;2.85;1.43;2.85;1.43;2.36;1.59;2.36;1.59;1.86;1.94;1.86;1.94;1.61;2.31;1.61;2.31;1.09;7.83;1.09;7.83;
SfnmUnZt;Kometa Brno;Kladno;01.12.2019 17:20;4;1;1.42;5.80;5.87;1.42;5.60;6.10;SfnmUnZt;-4.5;+1.5;8.16;1.08;8.16;1.08;4.89;1.18;4.89;1.18;3.96;1.25;3.96;1.25;2.45;1.55;2.45;1.55;2.02;1.80;2.02;1.80;1.68;2.19;1.68;2.19;1.47;2.68;1.47;2.68;1.08;8.12;1.08;8.12;
d20yPic1;Mladá Boleslav;Karlovy Vary;01.12.2019 17:00;4;2;1.85;4.60;3.46;1.90;4.50;3.35;d20yPic1;-3.5;+1.5;8.20;1.08;8.20;1.08;3.89;1.26;3.89;1.26;3.31;1.34;3.31;1.34;2.40;1.57;2.40;1.57;2.09;1.74;2.09;1.74;1.20;4.60;1.20;4.60;1.16;5.34;1.16;5.34;
6ooiT6lm;Mountfield HK;Olomouc;01.12.2019 16:00;2;1;1.77;4.40;3.92;1.85;4.40;3.60;6ooiT6lm;-2.5;+1.5;3.99;1.25;3.99;1.25;3.34;1.33;3.34;1.33;2.36;1.59;2.36;1.59;2.01;1.80;2.01;1.80;1.12;6.53;1.12;6.53;
O8hNnek8;Sparta Praha;Zlín;01.12.2019 16:00;2;1;1.46;5.20;5.90;1.48;5.30;5.50;O8hNnek8;-4.5;-1;8.14;1.08;8.14;1.08;4.73;1.19;4.73;1.19;3.85;1.26;3.85;1.26;2.44;1.56;2.44;1.56;2.03;1.78;2.03;1.78;1.71;2.14;1.71;2.14;1.52;2.55;1.52;2.55;
A54uOBC7;Litvínov;Vítkovice;01.12.2019 15:30;6;2;2.10;4.00;3.12;2.12;4.10;3.00;A54uOBC7;-2.5;+2.5;4.68;1.20;4.68;1.20;4.05;1.24;4.05;1.24;2.80;1.44;2.80;1.44;2.47;1.55;2.47;1.55;1.23;4.17;1.23;4.17;1.20;4.64;1.20;4.64;1.08;8.14;1.08;8.14;
EwBWPXse;Třinec;Pardubice;01.12.2019 15:00;7;0;1.43;5.80;5.70;1.43;5.60;5.90;EwBWPXse;-3.5;-1;5.07;1.17;5.07;1.17;4.13;1.24;4.13;1.24;2.51;1.53;2.51;1.53;2.06;1.76;2.06;1.76;1.70;2.15;1.70;2.15;1.49;2.63;1.49;2.63;
xhUuzI52;Kladno;Sparta Praha;29.11.2019 18:00;2;4;3.63;4.50;1.82;3.60;4.50;1.83;xhUuzI52;-1.5;-1;+1;+3.5;8.10;1.08;8.10;1.08;5.59;1.15;5.59;1.15;4.61;1.20;4.61;1.20;1.78;2.04;1.78;2.04;1.60;2.33;1.60;2.33;1.36;3.15;1.36;3.15;1.28;3.70;1.28;3.70;1.09;7.83;1.09;7.83;
6D7ORgDr;Olomouc;Třinec;29.11.2019 18:00;3;1;2.86;4.30;2.15;2.83;4.30;2.17;6D7ORgDr;
44LdWZ4R;Pardubice;Plzeň;29.11.2019 18:00;4;3;3.73;4.60;1.78;3.75;4.65;1.77;44LdWZ4R;-1.5;-1;+1;+3.5;5.90;1.14;5.90;1.14;4.61;1.20;4.61;1.20;1.81;1.99;1.81;1.99;1.62;2.30;1.62;2.30;1.36;3.14;1.36;3.14;1.28;3.72;1.28;3.72;1.08;8.00;1.08;8.00;
zmCSQDSl;Karlovy Vary;Mountfield HK;29.11.2019 17:30;2;3;2.50;4.30;2.41;2.37;4.30;2.55;zmCSQDSl;-2.5;+2.5;6.42;1.12;6.42;1.12;3.60;1.29;3.60;1.29;3.17;1.36;3.17;1.36;1.39;3.02;1.39;3.02;1.32;3.43;1.32;3.43;1.13;6.10;1.13;6.10;
A5SmYezF;Zlín;Litvínov;29.11.2019 17:30;3;1;1.80;4.50;3.71;1.86;4.50;3.50;A5SmYezF;-3.5;+1;7.77;1.09;7.77;1.09;3.66;1.29;3.66;1.29;3.11;1.37;3.11;1.37;2.30;1.62;2.30;1.62;2.01;1.80;2.01;1.80;1.21;4.50;1.21;4.50;1.14;5.76;1.14;5.76;
GrTqZyL8;Liberec;Kometa Brno;28.11.2019 18:00;3;2;1.90;4.40;3.41;1.90;4.40;3.40;GrTqZyL8;-2.5;+1;3.97;1.25;3.97;1.25;3.39;1.32;3.39;1.32;2.46;1.55;2.46;1.55;2.16;1.70;2.16;1.70;1.21;4.45;1.21;4.45;1.17;5.18;1.17;5.18;
MuWiXFkL;Vítkovice;Mladá Boleslav;28.11.2019 17:30;3;7;2.76;4.00;2.30;2.76;4.15;2.25;MuWiXFkL;-2.5;+2.5;7.49;1.09;7.49;1.09;4.12;1.24;4.12;1.24;3.65;1.29;3.65;1.29;1.43;2.85;1.43;2.85;1.34;3.26;1.34;3.26;1.14;5.82;1.14;5.82;
MqngCEDe;Vítkovice;Sparta Praha;27.11.2019 17:30;1;3;3.40;3.80;2.05;3.30;3.90;2.06;MqngCEDe;-1.5;+2.5;5.00;1.18;5.00;1.18;4.55;1.20;4.55;1.20;1.59;2.35;1.59;2.35;1.48;2.65;1.48;2.65;1.28;3.68;1.28;3.68;1.23;4.24;1.23;4.24;
Uo7EJdLL;Kometa Brno;Olomouc;26.11.2019 18:00;4;3;1.63;5.00;4.35;1.63;5.00;4.30;Uo7EJdLL;-3.5;+1.5;7.24;1.10;7.24;1.10;3.32;1.33;3.32;1.33;2.75;1.45;2.75;1.45;2.07;1.76;2.07;1.76;1.77;2.05;1.77;2.05;1.10;7.18;1.10;7.18;
EJroEzqq;Liberec;Pardubice;26.11.2019 18:00;3;2;1.35;6.20;7.00;1.36;6.10;6.80;EJroEzqq;-4.5;-1;6.81;1.11;6.81;1.11;3.90;1.26;3.90;1.26;3.09;1.37;3.09;1.37;2.09;1.74;2.09;1.74;1.72;2.12;1.72;2.12;1.51;2.57;1.51;2.57;1.34;3.26;1.34;3.26;
SMnkDfbk;Litvínov;Karlovy Vary;26.11.2019 17:30;2;1;2.63;4.25;2.32;2.60;4.25;2.34;SMnkDfbk;-2.5;+2.5;6.31;1.12;6.31;1.12;3.68;1.28;3.68;1.28;3.29;1.34;3.29;1.34;1.44;2.79;1.44;2.79;1.36;3.14;1.36;3.14;1.16;5.29;1.16;5.29;
ML7AKx6F;Mladá Boleslav;Mountfield HK;26.11.2019 17:30;1;0;2.15;4.25;2.88;2.02;4.35;3.10;ML7AKx6F;-2.5;+1.5;5.27;1.16;5.27;1.16;4.55;1.20;4.55;1.20;2.96;1.40;2.96;1.40;2.56;1.51;2.56;1.51;1.25;4.02;1.25;4.02;1.20;4.54;1.20;4.54;
8x6IIGzS;Plzeň;Kladno;26.11.2019 17:20;3;1;1.47;5.30;5.61;1.47;5.50;5.40;8x6IIGzS;-3.5;-1;4.88;1.18;4.88;1.18;3.98;1.25;3.98;1.25;2.48;1.54;2.48;1.54;2.06;1.76;2.06;1.76;1.72;2.12;1.72;2.12;1.52;2.54;1.52;2.54;
0zocBYS1;Třinec;Zlín;26.11.2019 17:00;4;5;1.46;5.50;5.55;1.46;5.40;5.40;0zocBYS1;-4.5;+1.5;7.89;1.08;7.89;1.08;5.42;1.16;5.42;1.16;4.45;1.21;4.45;1.21;2.65;1.48;2.65;1.48;2.19;1.68;2.19;1.68;1.78;2.03;1.78;2.03;1.56;2.43;1.56;2.43;1.08;8.18;1.08;8.18;
YaRFbeqd;Olomouc;Liberec;24.11.2019 17:00;1;3;2.80;4.30;2.20;2.80;4.25;2.20;YaRFbeqd;-2.5;+2.5;7.33;1.10;7.33;1.10;4.10;1.24;4.10;1.24;3.64;1.29;3.64;1.29;1.48;2.66;1.48;2.66;1.38;3.04;1.38;3.04;1.20;4.60;1.20;4.60;1.16;5.28;1.16;5.28;
zPou5c6S;Kladno;Pardubice;24.11.2019 16:00;3;2;2.00;4.30;3.18;2.00;4.30;3.20;zPou5c6S;-2.5;+2.5;4.39;1.22;4.39;1.22;3.77;1.27;3.77;1.27;2.65;1.48;2.65;1.48;2.32;1.61;2.32;1.61;1.22;4.31;1.22;4.31;1.19;4.79;1.19;4.79;1.08;7.89;1.08;7.89;
rV86LIj9;Mountfield HK;Litvínov;24.11.2019 16:00;6;2;1.52;5.00;5.30;1.51;5.05;5.40;rV86LIj9;-3.5;+1.5;6.00;1.13;6.00;1.13;2.85;1.43;2.85;1.43;2.35;1.59;2.35;1.59;1.86;1.94;1.86;1.94;1.61;2.31;1.61;2.31;1.08;8.11;1.08;8.11;
n3FcNvMd;Vítkovice;Plzeň;24.11.2019 16:00;0;5;3.12;4.00;2.10;3.10;4.00;2.11;n3FcNvMd;-1.5;+2.5;7.74;1.09;7.74;1.09;4.71;1.19;4.71;1.19;4.22;1.23;4.22;1.23;1.54;2.48;1.54;2.48;1.43;2.84;1.43;2.84;1.23;4.17;1.23;4.17;1.19;4.82;1.19;4.82;
06J1Mby3;Třinec;Karlovy Vary;24.11.2019 15:30;1;6;1.60;5.20;4.30;1.53;5.20;4.95;06J1Mby3;-3.5;-3;-2.5;+1.5;5.81;1.14;5.81;1.14;4.38;1.22;4.38;1.22;2.87;1.42;2.87;1.42;2.42;1.57;2.42;1.57;1.93;1.87;1.93;1.87;1.71;2.14;1.71;2.14;1.11;6.59;1.11;6.59;
xYX60HEq;Mladá Boleslav;Sparta Praha;24.11.2019 14:00;0;1;2.43;4.00;2.59;2.47;4.00;2.55;xYX60HEq;-2.5;+2.5;6.02;1.13;6.02;1.13;3.43;1.32;3.43;1.32;3.02;1.39;3.02;1.39;1.34;3.29;1.34;3.29;1.28;3.72;1.28;3.72;1.11;6.58;1.11;6.58;
t2ny6wiM;Kometa Brno;Mountfield HK;22.11.2019 18:00;3;2;2.05;4.30;3.10;2.05;4.20;3.10;t2ny6wiM;-2.5;+1.5;4.90;1.18;4.90;1.18;4.21;1.23;4.21;1.23;2.81;1.44;2.81;1.44;2.43;1.56;2.43;1.56;1.23;4.27;1.23;4.27;1.19;4.79;1.19;4.79;
G00O9wxi;Liberec;Kladno;22.11.2019 18:00;2;1;1.43;5.50;6.02;1.44;5.50;5.90;G00O9wxi;-4.5;-1;7.47;1.09;7.47;1.09;4.36;1.22;4.36;1.22;3.53;1.30;3.53;1.30;2.31;1.61;2.31;1.61;1.93;1.87;1.93;1.87;1.65;2.24;1.65;2.24;1.47;2.68;1.47;2.68;
rHTX6JyG;Pardubice;Zlín;22.11.2019 18:00;0;2;2.30;4.25;2.65;2.30;4.20;2.67;rHTX6JyG;-2.5;-2;-1.5;+2.5;5.56;1.15;5.56;1.15;4.51;1.21;4.51;1.21;3.19;1.36;3.19;1.36;2.81;1.44;2.81;1.44;1.32;3.39;1.32;3.39;1.27;3.83;1.27;3.83;1.11;6.77;1.11;6.77;
hSzL9Lic;Litvínov;Mladá Boleslav;22.11.2019 17:30;2;5;2.59;4.25;2.35;2.63;4.15;2.35;hSzL9Lic;-2.5;+2.5;6.47;1.12;6.47;1.12;3.69;1.28;3.69;1.28;3.27;1.34;3.27;1.34;1.42;2.88;1.42;2.88;1.34;3.26;1.34;3.26;1.15;5.65;1.15;5.65;
EyxHA1xi;Plzeň;Olomouc;22.11.2019 17:30;0;3;1.51;5.30;5.20;1.51;5.10;5.30;EyxHA1xi;-3.5;+1.5;5.60;1.15;5.60;1.15;2.72;1.46;2.72;1.46;2.25;1.65;2.25;1.65;1.81;2.00;1.81;2.00;1.58;2.38;1.58;2.38;1.08;7.89;1.08;7.89;
0hvT7aM9;Třinec;Vítkovice;21.11.2019 18:00;2;1;1.50;5.30;5.30;1.51;5.20;5.30;0hvT7aM9;-3.5;+1.5;5.43;1.15;5.43;1.15;4.47;1.21;4.47;1.21;2.67;1.48;2.67;1.48;2.21;1.67;2.21;1.67;1.80;2.02;1.80;2.02;1.57;2.40;1.57;2.40;1.08;8.10;1.08;8.10;
2y3ugfer;Třinec;Kometa Brno;19.11.2019 17:00;6;3;1.90;4.35;3.44;1.96;4.40;3.25;2y3ugfer;-2.5;+2.5;4.09;1.24;4.09;1.24;3.49;1.31;3.49;1.31;2.49;1.54;2.49;1.54;2.17;1.69;2.17;1.69;1.21;4.53;1.21;4.53;1.16;5.32;1.16;5.32;1.08;8.17;1.08;8.17;
h2eqJsF4;Olomouc;Kladno;17.11.2019 17:00;1;3;1.75;4.50;3.95;1.80;4.45;3.75;h2eqJsF4;-2.5;+1.5;8.10;1.08;8.10;1.08;3.62;1.29;3.62;1.29;3.04;1.38;3.04;1.38;2.25;1.64;2.25;1.64;1.95;1.85;1.95;1.85;1.12;6.29;1.12;6.29;
2cdKAJMp;Mladá Boleslav;Plzeň;17.11.2019 16:00;4;3;2.61;4.20;2.35;2.48;4.20;2.46;2cdKAJMp;-2.5;+2.5;7.01;1.10;7.01;1.10;3.85;1.26;3.85;1.26;3.39;1.32;3.39;1.32;1.41;2.94;1.41;2.94;1.33;3.37;1.33;3.37;1.13;6.06;1.13;6.06;
QFgiHLqH;Vítkovice;Pardubice;17.11.2019 16:00;3;2;1.90;4.50;3.35;1.90;4.50;3.35;QFgiHLqH;-2.5;+1.5;4.24;1.23;4.24;1.23;3.61;1.29;3.61;1.29;2.53;1.52;2.53;1.52;2.19;1.68;2.19;1.68;1.16;5.26;1.16;5.26;
vaiuKNab;Litvínov;Sparta Praha;17.11.2019 15:30;3;4;3.64;4.75;1.78;3.75;4.60;1.78;vaiuKNab;-1.5;+3.5;5.64;1.15;5.64;1.15;4.48;1.21;4.48;1.21;1.82;1.98;1.82;1.98;1.63;2.27;1.63;2.27;1.38;3.06;1.38;3.06;1.29;3.61;1.29;3.61;1.09;7.65;1.09;7.65;
nPfmI1UA;Zlín;Liberec;17.11.2019 15:30;3;4;2.85;4.35;2.15;2.84;4.35;2.15;nPfmI1UA;-2.5;+2.5;6.87;1.11;6.87;1.11;4.02;1.25;4.02;1.25;3.62;1.29;3.62;1.29;1.53;2.51;1.53;2.51;1.43;2.82;1.43;2.82;1.25;4.01;1.25;4.01;1.20;4.59;1.20;4.59;
6RAlGuaN;Kometa Brno;Karlovy Vary;17.11.2019 15:00;2;7;1.50;5.00;5.54;1.50;5.00;5.50;6RAlGuaN;-3.5;+1.5;5.25;1.16;5.25;1.16;4.32;1.22;4.32;1.22;2.62;1.49;2.62;1.49;2.18;1.68;2.18;1.68;1.79;2.03;1.79;2.03;1.57;2.40;1.57;2.40;1.08;7.89;1.08;7.89;
pI9hFaET;Mountfield HK;Třinec;17.11.2019 14:20;1;4;2.30;4.20;2.67;2.30;4.25;2.65;pI9hFaET;-2.5;+2.5;5.70;1.14;6.06;1.13;3.23;1.35;3.41;1.32;2.83;1.43;3.00;1.39;1.31;3.46;1.34;3.25;1.26;3.91;1.28;3.68;1.10;7.01;1.11;6.59;
4rf8HUw0;Sparta Praha;Mountfield HK;15.11.2019 18:30;2;1;1.85;4.50;3.55;1.85;4.50;3.50;4rf8HUw0;-2.5;+1.5;7.91;1.08;7.91;1.08;3.90;1.26;3.90;1.26;3.31;1.33;3.31;1.33;2.40;1.57;2.40;1.57;2.09;1.74;2.09;1.74;1.15;5.51;1.15;5.51;
Iq3WLqVo;Kladno;Zlín;15.11.2019 18:00;1;0;2.30;4.30;2.63;2.30;4.30;2.63;Iq3WLqVo;-2.5;+2.5;5.17;1.17;5.17;1.17;4.55;1.20;4.55;1.20;3.09;1.37;3.09;1.37;2.75;1.45;2.75;1.45;1.34;3.28;1.34;3.28;1.29;3.67;1.29;3.67;1.12;6.26;1.12;6.26;
AucGF88C;Liberec;Litvínov;15.11.2019 18:00;6;1;1.43;5.50;6.02;1.47;5.35;5.60;AucGF88C;-3.5;-1;4.80;1.19;4.80;1.19;3.90;1.26;3.90;1.26;2.44;1.56;2.44;1.56;2.01;1.80;2.01;1.80;1.68;2.18;1.68;2.18;1.48;2.64;1.48;2.64;
b5gCGlg6;Pardubice;Olomouc;15.11.2019 18:00;1;2;2.15;4.25;2.88;2.15;4.25;2.88;b5gCGlg6;-2.5;+2.5;5.32;1.16;5.32;1.16;4.60;1.20;4.60;1.20;3.00;1.39;3.00;1.39;2.61;1.50;2.61;1.50;1.26;3.88;1.26;3.88;1.22;4.38;1.22;4.38;1.08;7.99;1.08;7.99;
dz2zL3ph;Plzeň;Karlovy Vary;15.11.2019 17:30;4;3;1.45;5.00;6.35;1.50;5.00;5.50;dz2zL3ph;-4.5;+1.5;8.13;1.08;8.13;1.08;4.70;1.19;4.70;1.19;3.82;1.27;3.82;1.27;2.42;1.56;2.42;1.56;2.01;1.80;2.01;1.80;1.69;2.16;1.69;2.16;1.50;2.58;1.50;2.58;1.08;8.15;1.08;8.15;
UT9lc0ho;Vítkovice;Kometa Brno;15.11.2019 17:30;4;3;3.00;4.20;2.10;2.96;4.18;2.13;UT9lc0ho;-2.5;+2.5;7.64;1.09;7.64;1.09;4.57;1.20;4.57;1.20;4.07;1.24;4.07;1.24;1.53;2.51;1.53;2.51;1.42;2.89;1.42;2.89;1.22;4.33;1.22;4.33;1.18;5.01;1.18;5.01;
h4nLESNI;Třinec;Mladá Boleslav;15.11.2019 17:00;3;0;1.75;4.50;3.95;1.78;4.50;3.70;h4nLESNI;-3.5;+1.5;7.48;1.09;7.48;1.09;3.52;1.30;3.52;1.30;2.97;1.40;2.97;1.40;2.23;1.66;2.23;1.66;1.94;1.86;1.94;1.86;1.13;6.20;1.13;6.20;
2uwfGobU;Sparta Praha;Kladno;13.11.2019 18:30;6;2;1.40;6.00;6.05;1.40;6.00;6.00;2uwfGobU;-4.5;-1;7.36;1.10;7.36;1.10;4.28;1.22;4.28;1.22;3.44;1.31;3.44;1.31;2.26;1.64;2.26;1.64;1.88;1.92;1.88;1.92;1.61;2.31;1.61;2.31;1.44;2.80;1.44;2.80;
f9SBayUk;Zlín;Kometa Brno;13.11.2019 17:30;5;4;3.01;4.40;2.05;2.95;4.40;2.08;f9SBayUk;-2.5;+2.5;7.98;1.08;7.98;1.08;4.50;1.21;4.50;1.21;4.03;1.25;4.03;1.25;1.57;2.41;1.57;2.41;1.45;2.75;1.45;2.75;1.25;4.00;1.25;4.00;1.20;4.64;1.20;4.64;
8G0aJj9m;Mountfield HK;Pardubice;03.11.2019 18:00;2;5;1.38;5.85;6.10;1.38;5.90;6.50;8G0aJj9m;-4.5;-1;7.73;1.09;7.73;1.09;4.43;1.21;4.43;1.21;3.56;1.30;3.56;1.30;2.30;1.62;2.30;1.62;1.89;1.91;1.89;1.91;1.61;2.32;1.61;2.32;1.43;2.85;1.43;2.85;
dxXt19gJ;Sparta Praha;Kometa Brno;03.11.2019 16:00;5;4;2.13;4.30;2.95;2.12;4.30;2.92;dxXt19gJ;-2.5;+2.5;5.00;1.18;5.00;1.18;4.33;1.22;4.33;1.22;2.91;1.41;2.91;1.41;2.54;1.52;2.54;1.52;1.26;3.85;1.26;3.85;1.22;4.32;1.22;4.32;1.09;7.73;1.09;7.73;
Qie4IAOg;Vítkovice;Kladno;03.11.2019 16:00;3;4;1.78;4.40;3.88;1.75;4.45;4.00;Qie4IAOg;-3.5;+1.5;7.46;1.09;7.46;1.09;3.54;1.30;3.54;1.30;3.01;1.39;3.01;1.39;2.26;1.64;2.26;1.64;1.97;1.83;1.97;1.83;1.13;6.01;1.13;6.01;
IoYx2kvD;Karlovy Vary;Olomouc;03.11.2019 15:30;2;3;1.72;4.50;4.11;1.70;4.50;4.25;IoYx2kvD;-3.5;+1.5;7.45;1.09;7.45;1.09;3.48;1.31;3.48;1.31;2.93;1.41;2.93;1.41;2.19;1.68;2.19;1.68;1.90;1.90;1.90;1.90;1.12;6.55;1.12;6.55;
CpFTOCoQ;Zlín;Plzeň;03.11.2019 15:30;1;2;3.05;4.35;2.05;2.93;4.35;2.10;CpFTOCoQ;-2.5;+2.5;7.71;1.09;7.71;1.09;4.44;1.21;4.44;1.21;4.00;1.25;4.00;1.25;1.58;2.38;1.58;2.38;1.47;2.70;1.47;2.70;1.27;3.82;1.27;3.82;1.21;4.41;1.21;4.41;
bsBPPhWJ;Mladá Boleslav;Liberec;02.11.2019 17:30;1;2;2.35;4.30;2.60;2.37;4.25;2.56;bsBPPhWJ;-2.5;+2.5;5.61;1.15;5.61;1.15;3.24;1.35;3.24;1.35;2.86;1.42;2.86;1.42;1.34;3.27;1.34;3.27;1.28;3.68;1.28;3.68;1.12;6.45;1.12;6.45;
UP1eKWgs;Třinec;Litvínov;02.11.2019 17:00;2;0;1.37;6.00;6.70;1.38;5.80;6.70;UP1eKWgs;-4.5;-1;6.75;1.11;6.75;1.11;3.95;1.25;3.95;1.25;3.16;1.36;3.16;1.36;2.14;1.71;2.14;1.71;1.79;2.03;1.79;2.03;1.56;2.43;1.56;2.43;1.40;2.97;1.40;2.97;
fVRI6DPs;Kladno;Karlovy Vary;01.11.2019 18:00;4;2;2.65;4.30;2.30;2.63;4.30;2.30;fVRI6DPs;-2.5;+2.5;6.45;1.12;6.45;1.12;3.73;1.28;3.73;1.28;3.33;1.33;3.33;1.33;1.45;2.76;1.45;2.76;1.37;3.12;1.37;3.12;1.16;5.29;1.16;5.29;
2eVQ4iff;Kometa Brno;Mladá Boleslav;01.11.2019 18:00;0;3;1.72;4.50;4.10;1.72;4.50;4.10;2eVQ4iff;-3.5;+1.5;7.73;1.09;7.73;1.09;3.58;1.30;3.58;1.30;3.00;1.39;3.00;1.39;2.21;1.66;2.21;1.66;1.91;1.89;1.91;1.89;1.11;6.65;1.11;6.65;
OAJZ2VO6;Liberec;Vítkovice;01.11.2019 18:00;3;2;1.55;5.00;4.95;1.56;4.90;4.95;OAJZ2VO6;-3.5;+1.5;5.69;1.14;5.69;1.14;2.79;1.44;2.79;1.44;2.33;1.60;2.33;1.60;1.87;1.93;1.87;1.93;1.64;2.26;1.64;2.26;1.09;7.76;1.09;7.76;
pKKV3B90;Olomouc;Zlín;01.11.2019 18:00;3;5;2.35;4.20;2.61;2.36;4.15;2.61;pKKV3B90;-2.5;-2;-1.5;+2.5;5.95;1.13;5.95;1.13;4.38;1.22;4.38;1.22;3.34;1.33;3.34;1.33;2.92;1.41;2.92;1.41;1.33;3.37;1.33;3.37;1.27;3.82;1.27;3.82;1.11;6.89;1.11;6.89;
lhRM5Xvl;Pardubice;Litvínov;01.11.2019 18:00;3;4;2.76;5.20;1.90;2.84;5.50;1.81;lhRM5Xvl;-2.5;+2.5;5.35;1.16;5.35;1.16;3.06;1.38;3.06;1.38;2.68;1.47;2.68;1.47;1.28;3.67;1.28;3.67;1.46;2.54;1.46;2.54;1.09;7.43;1.09;7.43;
zoonCZ1K;Plzeň;Mountfield HK;01.11.2019 17:30;4;1;2.10;4.30;3.00;2.12;4.26;2.94;zoonCZ1K;-2.5;+2.5;4.80;1.19;4.80;1.19;4.16;1.23;4.16;1.23;2.83;1.43;2.83;1.43;2.48;1.54;2.48;1.54;1.26;3.93;1.26;3.93;1.21;4.40;1.21;4.40;1.09;7.80;1.09;7.80;
hMuiBgHQ;Třinec;Sparta Praha;01.11.2019 17:00;2;3;2.08;4.40;2.95;2.10;4.40;2.91;hMuiBgHQ;-2.5;+2.5;4.62;1.20;4.62;1.20;4.00;1.25;4.00;1.25;2.77;1.45;2.77;1.45;2.44;1.56;2.44;1.56;1.26;3.88;1.26;3.88;1.22;4.33;1.22;4.33;1.09;7.59;1.09;7.59;
lh5ijhu1;Sparta Praha;Liberec;29.10.2019 18:30;0;2;1.82;4.45;3.59;1.82;4.45;3.65;lh5ijhu1;-3.5;+1.5;7.27;1.10;7.27;1.10;3.52;1.30;3.52;1.30;3.01;1.39;3.01;1.39;2.29;1.62;2.29;1.62;2.02;1.79;2.02;1.79;1.20;4.59;1.20;4.59;1.16;5.39;1.16;5.39;
rib0lW9D;Mountfield HK;Kladno;29.10.2019 18:00;2;1;1.45;5.25;5.80;1.46;5.30;5.80;rib0lW9D;-4.5;-1;7.76;1.09;7.76;1.09;4.53;1.20;4.53;1.19;3.69;1.28;3.69;1.28;2.38;1.58;2.38;1.58;1.99;1.82;1.99;1.82;1.69;2.18;1.69;2.18;1.50;2.58;1.50;2.57;
dfnrDFnE;Karlovy Vary;Pardubice;29.10.2019 17:30;8;0;1.05;16.00;26.50;1.04;11.00;22.00;dfnrDFnE;-7.5;-2;7.89;1.08;7.89;1.08;4.99;1.18;4.99;1.18;4.46;1.21;4.46;1.21;3.17;1.36;3.17;1.36;2.74;1.46;2.74;1.46;2.17;1.69;2.17;1.69;1.83;1.98;1.83;1.98;1.59;2.35;1.59;2.35;1.28;3.73;1.28;3.73;1.20;4.64;1.20;4.64;1.22;4.34;1.22;4.34;1.08;8.22;1.08;8.22;1.34;3.26;1.34;3.26;1.09;7.85;1.09;7.85;
WGfdkCf7;Litvínov;Plzeň;29.10.2019 17:30;1;3;3.03;4.50;2.00;3.15;4.40;2.00;WGfdkCf7;-1.5;+2.5;8.19;1.09;8.19;1.08;4.57;1.20;4.57;1.20;4.10;1.24;4.10;1.24;1.60;2.34;1.60;2.34;1.47;2.68;1.47;2.68;1.26;3.86;1.26;3.86;1.21;4.48;1.21;4.48;
tS1qhEAl;Mladá Boleslav;Olomouc;29.10.2019 17:30;5;1;1.85;4.30;3.58;1.85;4.30;3.65;tS1qhEAl;
A16miYPf;Vítkovice;Zlín;29.10.2019 17:30;4;3;2.10;4.20;2.96;2.10;4.20;3.00;A16miYPf;-2.5;+2.5;4.87;1.18;4.87;1.18;4.21;1.23;4.21;1.23;2.86;1.43;2.86;1.43;2.50;1.53;2.50;1.53;1.25;3.97;1.25;3.97;1.21;4.44;1.21;4.44;1.08;7.91;1.08;7.91;
riM8bGXK;Kladno;Třinec;27.10.2019 18:00;1;7;3.51;4.40;1.85;3.25;4.70;1.90;riM8bGXK;-1.5;-1;+1;+3.5;7.63;1.09;7.63;1.09;5.24;1.16;5.24;1.16;4.50;1.21;4.04;1.25;1.76;2.06;1.76;2.06;1.60;2.34;1.60;2.34;1.37;3.10;1.37;3.10;1.29;3.61;1.29;3.61;1.09;7.46;1.09;7.46;
AoIPygQ7;Pardubice;Mladá Boleslav;27.10.2019 18:00;1;2;2.45;4.30;2.45;2.45;4.30;2.46;AoIPygQ7;-2.5;+2.5;6.50;1.12;6.50;1.12;3.58;1.30;3.58;1.30;3.13;1.37;3.13;1.37;1.37;3.13;1.37;3.13;1.30;3.58;1.30;3.58;1.12;6.50;1.12;6.50;
WfJLxZA1;Kometa Brno;Litvínov;27.10.2019 17:00;4;3;1.52;5.30;4.85;1.53;5.30;4.90;WfJLxZA1;-3.5;+1.5;6.17;1.13;6.17;1.13;2.91;1.41;2.91;1.41;2.40;1.57;2.40;1.57;1.88;1.92;1.88;1.92;1.62;2.29;1.62;2.29;1.08;8.00;1.08;8.00;
lUM4adIE;Olomouc;Vítkovice;27.10.2019 17:00;3;4;1.90;4.35;3.37;1.88;4.40;3.45;lUM4adIE;-2.5;+1.5;4.42;1.21;4.42;1.21;3.75;1.28;3.75;1.28;2.58;1.51;2.58;1.51;2.22;1.66;2.22;1.66;1.15;5.45;1.15;5.45;
AwO00x38;Liberec;Mountfield HK;27.10.2019 16:00;2;3;2.25;4.30;2.66;2.20;4.30;2.78;AwO00x38;-2.5;+2.5;4.99;1.18;4.99;1.18;4.38;1.22;4.38;1.22;3.01;1.39;3.01;1.39;2.68;1.47;2.68;1.47;1.33;3.34;1.33;3.34;1.28;3.72;1.28;3.72;1.12;6.34;1.12;6.34;
dfQCczmR;Zlín;Karlovy Vary;27.10.2019 15:30;1;4;2.00;4.35;3.15;2.05;4.35;3.05;dfQCczmR;-2.5;+2.5;4.25;1.23;4.25;1.23;3.67;1.29;3.67;1.29;2.62;1.49;2.62;1.49;2.30;1.62;2.30;1.62;1.23;4.20;1.23;4.20;1.20;4.65;1.20;4.65;1.08;8.08;1.08;8.08;
xYJHwFee;Plzeň;Sparta Praha;27.10.2019 13:00;2;3;2.35;4.25;2.55;2.37;4.25;2.56;xYJHwFee;-2.5;+2.5;5.32;1.16;5.32;1.16;3.18;1.36;3.18;1.36;2.84;1.43;2.84;1.43;1.36;3.16;1.36;3.16;1.30;3.53;1.30;3.53;1.13;5.97;1.13;5.97;
t6Q8uyRr;Plzeň;Třinec;26.10.2019 15:00;6;1;2.35;4.30;2.57;2.35;4.30;2.57;t6Q8uyRr;-2.5;-2;-1.5;+2.5;5.56;1.15;5.56;1.15;4.59;1.20;4.59;1.20;3.23;1.35;3.23;1.35;2.86;1.42;2.86;1.42;1.35;3.22;1.35;3.22;1.29;3.62;1.29;3.62;1.12;6.29;1.12;6.29;
jNSQmaJ2;Kladno;Litvínov;25.10.2019 18:00;2;3;2.15;4.40;2.82;2.20;4.35;2.76;jNSQmaJ2;-2.5;+2.5;4.77;1.19;4.77;1.19;4.15;1.23;4.15;1.23;2.87;1.42;2.87;1.42;2.53;1.52;2.53;1.52;1.29;3.63;1.29;3.63;1.24;4.04;1.24;4.04;1.10;7.02;1.10;7.02;
vcvspHIR;Kometa Brno;Pardubice;25.10.2019 18:00;5;1;1.60;5.00;4.50;1.55;5.05;4.90;vcvspHIR;-3.5;+1.5;6.94;1.11;6.94;1.11;3.21;1.35;3.21;1.35;2.66;1.48;2.66;1.48;2.02;1.79;2.02;1.79;1.74;2.10;1.74;2.10;1.09;7.39;1.09;7.39;
ANZxoc3L;Liberec;Karlovy Vary;25.10.2019 18:00;0;4;1.55;5.40;4.60;1.55;5.40;4.60;ANZxoc3L;-3.5;+1.5;5.26;1.16;5.26;1.16;4.35;1.22;4.35;1.22;2.66;1.48;2.66;1.48;2.24;1.65;2.24;1.65;1.84;1.97;1.84;1.97;1.63;2.28;1.63;2.28;1.10;6.97;1.10;6.97;
Olomouc;6.96;1.10;6.96;Sparta Praha;-2.5;0;l8oUnJY8;4;l8oUnJY8;25.10.2019 18:00;l8oUnJY8;3.96;1.25;3.96;1.25;3.53;1.30;3.53;1.30;1.46;2.71;1.46;2.71;1.38;3.08;1.38;3.08;1.20;4.62;1.20;4.62;1.16;5.28;1.16;5.28;
OUFDvetk;Vítkovice;Mountfield HK;25.10.2019 17:30;3;2;2.80;4.40;2.15;2.82;4.40;2.15;OUFDvetk;-2.5;+2.5;7.34;1.10;7.34;1.10;4.13;1.24;4.13;1.24;3.67;1.28;3.67;1.28;1.51;2.58;1.51;2.58;1.41;2.94;1.41;2.94;1.22;4.38;1.22;4.38;1.17;5.05;1.17;5.05;
WWzZowlF;Zlín;Mladá Boleslav;25.10.2019 17:30;4;0;2.30;4.35;2.61;2.28;4.35;2.64;WWzZowlF;-2.5;+2;5.56;1.15;5.56;1.15;3.19;1.36;3.19;1.36;2.81;1.44;2.81;1.44;1.33;3.33;1.33;3.33;1.28;3.75;1.28;3.75;1.20;4.59;1.20;4.59;1.11;6.63;1.11;6.63;
M1uP8u73;Sparta Praha;Karlovy Vary;23.10.2019 18:30;5;1;1.56;5.50;4.55;1.56;5.40;4.70;M1uP8u73;
CnMa96b7;Mountfield HK;Třinec;22.10.2019 18:00;1;0;2.50;4.25;2.45;2.40;4.25;2.53;CnMa96b7;-2.5;+2.5;6.03;1.13;6.03;1.13;4.45;1.21;4.45;1.21;3.48;1.31;3.48;1.31;3.09;1.37;3.09;1.37;1.39;3.01;1.39;3.01;1.32;3.39;1.32;3.39;1.14;5.86;1.14;5.86;
SMWomSSi;Kladno;Kometa Brno;22.10.2019 17:30;2;3;3.41;4.50;1.88;3.45;4.65;1.85;SMWomSSi;-1.5;-1;+1;+2.5;5.19;1.17;5.19;1.17;4.58;1.20;4.58;1.20;1.72;2.13;1.72;2.13;1.56;2.43;1.56;2.43;1.33;3.34;1.33;3.34;1.26;3.91;1.26;3.91;
21nWRHdq;Litvínov;Olomouc;20.10.2019 17:30;3;4;2.27;4.10;2.76;2.20;4.15;2.84;21nWRHdq;-2.5;+2.5;5.79;1.14;5.79;1.14;3.22;1.35;3.22;1.35;2.81;1.44;2.81;1.44;1.29;3.67;1.29;3.67;1.23;4.15;1.23;4.15;1.09;7.59;1.09;7.59;
bTuuQeRe;Mountfield HK;Zlín;20.10.2019 17:20;5;6;1.60;5.20;4.35;1.54;5.30;4.80;bTuuQeRe;-3.5;+1.5;6.42;1.12;6.42;1.12;4.58;1.20;4.58;1.20;3.05;1.38;3.05;1.38;2.55;1.52;2.55;1.52;1.98;1.82;1.98;1.82;1.72;2.12;1.72;2.12;1.11;6.91;1.11;6.91;
EwVgo6c4;Třinec;Liberec;20.10.2019 17:20;5;2;2.00;4.30;3.12;2.05;4.35;3.05;EwVgo6c4;-2.5;+2.5;4.10;1.24;4.10;1.24;3.55;1.30;3.55;1.30;2.58;1.50;2.58;1.50;2.29;1.62;2.29;1.62;1.24;4.11;1.24;4.11;1.21;4.53;1.21;4.53;1.09;7.72;1.09;7.72;
thozRyCk;Mladá Boleslav;Kladno;20.10.2019 16:00;6;3;1.47;5.40;5.50;1.45;5.30;5.90;thozRyCk;-3.5;-1;5.11;1.17;5.11;1.17;4.18;1.23;4.18;1.23;2.55;1.51;2.55;1.51;2.12;1.72;2.12;1.72;1.75;2.09;1.75;2.09;1.54;2.49;1.54;2.49;
d2KbpQCA;Sparta Praha;Pardubice;20.10.2019 16:00;2;1;1.46;5.70;5.35;1.48;5.50;5.30;d2KbpQCA;-3.5;-1;5.10;1.17;5.10;1.17;4.16;1.23;4.16;1.23;2.54;1.52;2.54;1.52;2.10;1.73;2.10;1.73;1.73;2.10;1.73;2.10;1.52;2.52;1.52;2.52;
Karlovy Vary;4.87;1.18;4.87;Vítkovice;-2.5;4;xKvqPFt2;1;xKvqPFt2;20.10.2019 15:30;xKvqPFt2;4.23;1.23;4.23;1.23;2.88;1.42;2.88;1.42;2.52;1.52;2.52;1.52;1.26;3.90;1.26;3.90;1.22;4.36;1.22;4.36;1.09;7.71;1.09;7.71;
A5O2qpSG;Kometa Brno;Plzeň;19.10.2019 17:00;3;1;2.15;4.30;2.90;2.17;4.32;2.82;A5O2qpSG;-2.5;+2.5;4.94;1.18;4.94;1.18;4.29;1.22;4.29;1.22;2.90;1.41;2.90;1.41;2.55;1.52;2.55;1.52;1.27;3.80;1.27;3.80;1.23;4.25;1.23;4.25;1.09;7.52;1.09;7.52;
zmWknnrb;Olomouc;Mountfield HK;18.10.2019 18:00;0;2;2.50;4.20;2.45;2.49;4.10;2.45;zmWknnrb;-2.5;+2.5;6.72;1.11;6.72;1.11;3.67;1.28;3.67;1.28;3.22;1.35;3.22;1.35;1.37;3.13;1.37;3.13;1.30;3.58;1.30;3.58;1.12;6.53;1.12;6.53;
xh4PVQcH;Pardubice;Třinec;18.10.2019 18:00;5;2;3.35;4.70;1.87;3.30;4.70;1.88;xh4PVQcH;-2.5;-1;+1;+2.5;8.18;1.08;8.18;1.08;5.21;1.17;5.21;1.17;4.35;1.22;4.35;1.22;1.73;2.11;1.73;2.11;1.56;2.43;1.56;2.43;1.32;3.38;1.32;3.38;1.25;3.97;1.25;3.97;
Gr3TUpDN;Karlovy Vary;Mladá Boleslav;18.10.2019 17:30;5;3;2.61;4.20;2.35;2.57;4.15;2.40;Gr3TUpDN;-2.5;+2.5;6.84;1.11;6.84;1.11;3.81;1.27;3.81;1.27;3.36;1.33;3.36;1.33;1.41;2.92;1.41;2.92;1.33;3.33;1.33;3.33;1.14;5.91;1.14;5.91;
KfGuFsH8;Sparta Praha;Litvínov;15.10.2019 18:30;5;4;1.37;6.00;6.41;1.39;6.00;6.20;KfGuFsH8;-4.5;-1;7.06;1.10;7.06;1.10;4.10;1.24;4.10;1.24;3.28;1.34;3.28;1.34;2.19;1.68;2.19;1.68;1.82;1.99;1.82;1.99;1.57;2.40;1.57;2.40;1.41;2.94;1.41;2.94;
EDJayVTu;Kometa Brno;Liberec;13.10.2019 17:30;7;4;2.33;4.20;2.65;2.33;4.20;2.63;EDJayVTu;-2.5;+2.5;5.62;1.15;5.62;1.15;3.23;1.35;3.23;1.35;2.84;1.43;2.84;1.43;1.32;3.38;1.32;3.38;1.27;3.80;1.27;3.80;1.11;6.71;1.11;6.71;
h4I3zkqn;Litvínov;Zlín;13.10.2019 17:30;5;1;2.22;4.30;2.75;2.25;4.30;2.70;h4I3zkqn;-2.5;+2.5;5.19;1.17;5.19;1.17;4.53;1.21;4.53;1.21;3.03;1.39;3.03;1.39;2.67;1.48;2.67;1.48;1.30;3.55;1.30;3.55;1.25;3.98;1.25;3.98;1.10;7.02;1.10;7.02;
n3BCYSDb;Plzeň;Pardubice;13.10.2019 16:30;5;3;1.40;6.00;6.02;1.40;5.95;6.10;n3BCYSDb;-4.5;-1;8.15;1.08;8.15;1.08;4.66;1.20;4.66;1.20;3.76;1.27;3.76;1.27;2.37;1.59;2.37;1.59;1.95;1.85;1.95;1.85;1.64;2.26;1.64;2.26;1.45;2.77;1.45;2.77;
zT78Z8bh;Mladá Boleslav;Vítkovice;13.10.2019 16:00;5;3;1.68;4.50;4.35;1.68;4.55;4.30;zT78Z8bh;-3.5;+1.5;7.56;1.09;7.56;1.09;3.48;1.31;3.48;1.31;2.90;1.41;2.90;1.41;2.16;1.70;2.16;1.70;1.85;1.95;1.85;1.95;1.10;7.13;1.10;7.13;
KG9KW6rB;Mountfield HK;Karlovy Vary;13.10.2019 16:00;1;3;1.50;5.50;5.03;1.50;5.40;5.10;KG9KW6rB;-3.5;+1.5;5.03;1.17;5.03;1.17;4.11;1.24;4.11;1.24;2.53;1.52;2.53;1.52;2.10;1.73;2.10;1.73;1.74;2.09;1.74;2.09;1.53;2.50;1.53;2.50;1.08;7.87;1.08;7.87;
SnGxMkUh;Olomouc;Kometa Brno;12.10.2019 15:00;1;3;2.53;4.10;2.45;2.57;4.15;2.40;SnGxMkUh;-2.5;+2.5;7.16;1.10;7.16;1.10;3.82;1.27;3.82;1.27;3.33;1.33;3.33;1.33;1.36;3.18;1.36;3.18;1.29;3.67;1.29;3.67;1.11;6.85;1.11;6.85;
f9nZK9qa;Kladno;Plzeň;11.10.2019 18:00;7;5;4.02;5.20;1.65;4.00;4.80;1.70;f9nZK9qa;-1.5;+3.5;6.23;1.13;6.23;1.13;2.03;1.78;2.03;1.78;1.78;2.04;1.78;2.04;1.49;2.62;1.49;2.62;1.37;3.12;1.37;3.12;1.12;6.49;1.12;6.49;
ldHYMVEn;Mountfield HK;Mladá Boleslav;11.10.2019 18:00;2;0;1.80;4.40;3.78;1.93;4.30;3.35;ldHYMVEn;-2.5;+1.5;3.88;1.26;3.88;1.26;3.27;1.34;3.27;1.34;2.36;1.59;2.36;1.59;2.03;1.78;2.03;1.78;1.13;6.07;1.13;6.07;
YaowKTb5;Pardubice;Liberec;11.10.2019 18:00;3;2;3.52;4.50;1.85;3.50;4.47;1.86;YaowKTb5;-1.5;+3.5;5.33;1.16;5.33;1.16;4.49;1.21;4.49;1.21;1.75;2.07;1.75;2.07;1.59;2.36;1.59;2.36;1.36;3.19;1.36;3.19;1.28;3.73;1.28;3.73;1.09;7.84;1.09;7.84;
tQloI7TH;Vítkovice;Sparta Praha;11.10.2019 17:30;1;5;2.86;4.30;2.15;2.85;4.32;2.15;tQloI7TH;-2.5;+2.5;7.38;1.09;7.38;1.09;4.19;1.23;4.19;1.23;3.74;1.28;3.74;1.28;1.51;2.56;1.51;2.56;1.41;2.91;1.41;2.91;1.22;4.28;1.22;4.28;1.18;4.93;1.18;4.93;
OlvjHRrO;Zlín;Třinec;11.10.2019 17:30;2;5;3.05;4.35;2.05;3.00;4.35;2.07;OlvjHRrO;-2.5;+2.5;8.15;1.08;8.15;1.08;4.58;1.20;4.58;1.20;4.10;1.24;4.10;1.24;1.57;2.41;1.57;2.41;1.45;2.76;1.45;2.76;1.25;4.02;1.25;4.02;1.20;4.66;1.20;4.66;
SMpsJmEB;Karlovy Vary;Litvínov;09.10.2019 17:30;4;3;2.15;4.30;2.88;2.15;4.30;2.86;SMpsJmEB;-2.5;+2.5;5.11;1.17;5.11;1.17;4.43;1.21;4.43;1.21;2.95;1.40;2.95;1.40;2.58;1.51;2.58;1.51;1.27;3.82;1.27;3.82;1.22;4.29;1.22;4.29;1.09;7.70;1.09;7.70;
nRgaPOzo;Zlín;Sparta Praha;08.10.2019 17:30;1;6;2.70;4.35;2.25;2.67;4.35;2.26;nRgaPOzo;-2.5;+2.5;6.74;1.11;6.74;1.11;3.86;1.26;3.86;1.26;3.44;1.32;3.44;1.32;1.47;2.70;1.47;2.70;1.38;3.06;1.38;3.06;1.20;4.56;1.20;4.56;1.16;5.22;1.16;5.22;
Uip86AU5;Mladá Boleslav;Sparta Praha;06.10.2019 18:30;1;2;2.25;4.25;2.72;2.27;4.20;2.75;Uip86AU5;-2.5;+2.5;5.45;1.15;5.45;1.15;3.12;1.37;3.12;1.37;2.74;1.46;2.74;1.46;1.30;3.53;1.30;3.53;1.25;3.98;1.25;3.98;1.10;7.09;1.10;7.09;
nTf37jFa;Pardubice;Kladno;06.10.2019 18:00;3;2;1.88;4.40;3.47;1.90;4.45;3.40;nTf37jFa;-2.5;+1;4.05;1.24;4.05;1.24;3.45;1.31;3.45;1.31;2.47;1.55;2.47;1.55;2.14;1.71;2.14;1.71;1.20;4.57;1.20;4.57;1.16;5.41;1.16;5.41;
fZHUNBat;Litvínov;Mountfield HK;06.10.2019 17:30;6;5;3.06;4.30;2.05;3.10;4.20;2.05;fZHUNBat;-1.5;+2.5;7.77;1.09;7.77;1.09;4.63;1.20;4.63;1.20;4.14;1.24;4.14;1.24;1.57;2.42;1.57;2.42;1.45;2.77;1.45;2.77;1.24;4.06;1.24;4.06;1.19;4.71;1.19;4.71;
8rqC5UqC;Kometa Brno;Zlín;06.10.2019 17:00;0;7;1.48;5.40;5.37;1.48;5.30;5.50;8rqC5UqC;-3.5;-1;6.08;1.13;6.08;1.13;4.57;1.20;4.57;1.20;2.84;1.43;2.84;1.43;2.32;1.61;2.32;1.61;1.83;1.98;1.83;1.98;1.57;2.41;1.57;2.41;
G8nK38EO;Plzeň;Vítkovice;06.10.2019 16:30;4;1;1.57;5.00;4.76;1.57;5.00;4.75;G8nK38EO;-3.5;+1.5;6.30;1.12;6.30;1.12;2.99;1.39;2.99;1.39;2.48;1.54;2.48;1.54;1.94;1.86;1.94;1.86;1.68;2.18;1.68;2.18;1.09;7.66;1.09;7.66;
xImG4laI;Liberec;Olomouc;06.10.2019 16:00;2;0;1.50;5.00;5.54;1.54;4.80;5.30;xImG4laI;-3.5;-1;5.07;1.17;5.07;1.17;4.16;1.23;4.16;1.23;2.57;1.51;2.57;1.51;2.14;1.71;2.14;1.71;1.77;2.05;1.77;2.05;1.57;2.41;1.57;2.41;
IDQ2SiiP;Třinec;Karlovy Vary;06.10.2019 15:00;4;3;1.38;6.00;6.42;1.39;5.90;6.30;IDQ2SiiP;-4.5;-1;7.78;1.09;7.78;1.09;4.45;1.21;4.45;1.21;3.57;1.30;3.57;1.30;2.30;1.62;2.30;1.62;1.89;1.91;1.89;1.91;1.61;2.33;1.61;2.33;1.42;2.88;1.42;2.88;
GlKYiBFC;Kladno;Liberec;05.10.2019 15:00;5;3;4.15;5.00;1.66;4.10;5.00;1.66;GlKYiBFC;-1.5;+3.5;6.29;1.12;6.29;1.12;2.05;1.77;2.05;1.77;1.81;2.01;1.81;2.01;1.52;2.53;1.52;2.53;1.39;2.99;1.39;2.99;1.13;6.08;1.13;6.08;
zgia8Wag;Mountfield HK;Kometa Brno;04.10.2019 18:00;2;3;2.07;4.25;3.10;2.08;4.27;3.00;zgia8Wag;-2.5;+2.5;4.76;1.19;4.76;1.19;4.10;1.24;4.10;1.24;2.78;1.44;2.78;1.44;2.42;1.56;2.42;1.56;1.23;4.23;1.23;4.23;1.19;4.73;1.19;4.73;1.09;7.80;1.09;7.80;
UiOxiVUI;Olomouc;Plzeň;04.10.2019 18:00;0;4;2.61;4.20;2.35;2.61;4.20;2.35;UiOxiVUI;-2.5;+2.5;6.70;1.11;6.70;1.11;3.77;1.27;3.77;1.27;3.34;1.33;3.34;1.33;1.42;2.90;1.42;2.90;1.34;3.29;1.34;3.29;1.14;5.79;1.14;5.79;
MoBOEYMP;Karlovy Vary;Sparta Praha;04.10.2019 17:30;2;5;3.13;4.40;2.00;3.15;4.40;2.00;MoBOEYMP;-2.5;+2.5;8.10;1.08;8.10;1.08;4.64;1.20;4.64;1.20;4.18;1.23;4.18;1.23;1.61;2.31;1.61;2.31;1.49;2.63;1.49;2.63;1.28;3.70;1.28;3.70;1.22;4.30;1.22;4.30;
reCKFE7J;Mladá Boleslav;Litvínov;04.10.2019 17:30;5;1;1.65;4.50;4.57;1.65;4.50;4.55;reCKFE7J;-3.5;+1.5;7.34;1.10;7.34;1.10;3.38;1.32;3.38;1.32;2.81;1.44;2.81;1.44;2.10;1.73;2.10;1.73;1.81;2.00;1.81;2.00;1.09;7.53;1.09;7.53;
tWie9Cpm;Zlín;Pardubice;04.10.2019 17:30;4;3;1.82;4.40;3.70;1.82;4.40;3.70;tWie9Cpm;-3.5;+1;8.20;1.08;8.20;1.08;3.83;1.27;3.83;1.27;3.25;1.35;3.25;1.35;2.36;1.59;2.36;1.59;2.05;1.77;2.05;1.77;1.20;4.60;1.20;4.60;1.14;5.82;1.14;5.82;
2ugiAhVt;Vítkovice;Třinec;03.10.2019 17:30;4;6;3.20;4.30;2.00;3.15;4.30;2.01;2ugiAhVt;-1.5;+2.5;8.21;1.08;8.21;1.08;4.83;1.19;4.83;1.19;4.34;1.22;4.34;1.22;1.61;2.32;1.61;2.32;1.48;2.65;1.48;2.65;1.27;3.79;1.27;3.79;1.21;4.41;1.21;4.41;
n9WLfDVg;Karlovy Vary;Kometa Brno;01.10.2019 17:30;3;4;3.20;4.30;2.00;3.20;4.30;2.00;n9WLfDVg;-1.5;+2.5;8.00;1.08;8.00;1.08;5.01;1.18;5.01;1.18;4.46;1.21;4.46;1.21;1.59;2.37;1.59;2.37;1.45;2.74;1.45;2.74;1.24;4.09;1.24;4.09;1.19;4.78;1.19;4.78;
8IXHegGm;Pardubice;Vítkovice;29.09.2019 17:00;2;3;2.47;4.25;2.47;2.48;4.00;2.54;8IXHegGm;-2.5;+2.5;6.35;1.12;6.35;1.12;3.55;1.30;3.55;1.30;3.12;1.37;3.12;1.37;1.37;3.12;1.37;3.12;1.30;3.55;1.30;3.55;1.12;6.35;1.12;6.35;
EHFqE1WE;Kladno;Olomouc;29.09.2019 16:00;4;3;3.06;4.30;2.05;2.98;4.33;2.08;EHFqE1WE;-2.5;+2.5;8.22;1.08;8.22;1.08;4.62;1.20;4.62;1.20;4.13;1.24;4.13;1.24;1.57;2.41;1.57;2.41;1.45;2.76;1.45;2.76;1.25;4.03;1.25;4.03;1.20;4.68;1.20;4.68;
QgrDdZ0s;Liberec;Zlín;29.09.2019 16:00;6;4;1.42;6.20;5.50;1.40;6.00;6.00;QgrDdZ0s;-3.5;-1;4.97;1.18;4.97;1.18;4.03;1.25;4.03;1.25;2.47;1.54;2.47;1.54;2.03;1.79;2.03;1.79;1.68;2.18;1.68;2.18;1.48;2.67;1.48;2.67;
YPUThi06;Plzeň;Mladá Boleslav;29.09.2019 15:00;1;4;1.78;4.40;3.88;1.80;4.50;3.70;YPUThi06;-3.5;+1.5;7.90;1.08;7.90;1.08;3.69;1.28;3.69;1.28;3.12;1.37;3.12;1.37;2.29;1.62;2.29;1.62;1.99;1.82;1.99;1.82;1.13;6.15;1.13;6.15;
fZVPgXp0;Třinec;Mountfield HK;29.09.2019 15:00;4;0;2.00;4.30;3.20;1.95;4.40;3.25;fZVPgXp0;-2.5;+1.5;4.40;1.21;4.40;1.21;3.78;1.27;3.78;1.27;2.65;1.48;2.65;1.48;2.32;1.61;2.32;1.61;1.22;4.34;1.22;4.34;1.19;4.83;1.19;4.83;
t4HyGN12;Karlovy Vary;Plzeň;28.09.2019 15:00;0;3;2.89;4.35;2.10;2.82;4.35;2.16;t4HyGN12;-2.5;+2.5;7.58;1.09;7.58;1.09;4.28;1.22;4.28;1.22;3.83;1.27;3.83;1.27;1.54;2.49;1.54;2.49;1.43;2.84;1.43;2.84;1.23;4.17;1.23;4.17;1.19;4.81;1.19;4.81;
nmgDFgjM;Mountfield HK;Sparta Praha;27.09.2019 18:00;4;2;2.20;4.20;2.85;2.21;4.25;2.78;nmgDFgjM;-2.5;+2.5;5.02;1.17;5.02;1.17;4.39;1.22;4.39;1.22;2.97;1.40;2.97;1.40;2.62;1.49;2.62;1.49;1.29;3.65;1.29;3.65;1.24;4.08;1.24;4.08;1.10;7.14;1.10;7.14;
QwhHED5S;Olomouc;Pardubice;27.09.2019 18:00;3;1;1.72;4.50;4.11;1.78;4.40;3.90;QwhHED5S;-3.5;+1.5;7.78;1.09;7.78;1.09;3.59;1.29;3.59;1.29;3.01;1.39;3.01;1.39;2.22;1.66;2.22;1.66;1.91;1.89;1.91;1.89;1.11;6.66;1.11;6.66;
WKUqAXDq;Litvínov;Liberec;27.09.2019 17:30;4;5;3.18;4.30;2.00;3.20;4.30;2.00;WKUqAXDq;-1.5;+2.5;7.93;1.08;7.93;1.08;4.82;1.19;4.82;1.19;4.33;1.22;4.33;1.22;1.61;2.33;1.61;2.33;1.48;2.66;1.48;2.66;1.27;3.82;1.27;3.82;1.21;4.44;1.21;4.44;
U5mm9iTk;Mladá Boleslav;Třinec;27.09.2019 17:30;4;3;2.58;4.20;2.37;2.59;4.10;2.40;U5mm9iTk;-2.5;+2.5;7.10;1.10;7.10;1.10;3.85;1.26;3.85;1.26;3.37;1.32;3.37;1.32;1.39;3.00;1.39;3.00;1.31;3.45;1.31;3.45;1.12;6.31;1.12;6.31;
OSni8Brd;Vítkovice;Kometa Brno;27.09.2019 17:30;0;3;2.67;4.20;2.30;2.67;4.20;2.30;OSni8Brd;-2.5;+2.5;7.07;1.10;7.07;1.10;3.93;1.26;3.93;1.26;3.47;1.31;3.47;1.31;1.43;2.84;1.43;2.84;1.35;3.24;1.35;3.24;1.14;5.75;1.14;5.75;
2Joe7Vc2;Zlín;Kladno;27.09.2019 17:30;1;2;1.47;5.50;5.40;1.48;5.20;5.40;2Joe7Vc2;-3.5;+1.5;5.28;1.16;5.28;1.16;4.32;1.22;4.32;1.22;2.60;1.50;2.60;1.50;2.15;1.70;2.15;1.70;1.76;2.07;1.76;2.07;1.54;2.48;1.54;2.48;1.09;7.71;1.09;7.71;
tQAGXnT4;Třinec;Olomouc;24.09.2019 18:00;7;3;1.53;5.00;5.20;1.57;4.65;5.10;tQAGXnT4;-3.5;-1;6.54;1.12;6.54;1.12;3.04;1.38;3.04;1.38;2.51;1.53;2.51;1.53;1.94;1.86;1.94;1.86;1.67;2.21;1.67;2.21;
j19AeYbj;Kometa Brno;Sparta Praha;22.09.2019 17:00;2;0;2.20;4.10;2.87;2.20;4.15;2.84;j19AeYbj;-2.5;+2.5;5.03;1.17;5.03;1.17;4.39;1.22;4.39;1.22;2.97;1.40;2.97;1.40;2.62;1.49;2.62;1.49;1.28;3.73;1.28;3.73;1.23;4.17;1.23;4.17;1.10;7.31;1.10;7.31;
AkhDdEqp;Olomouc;Karlovy Vary;22.09.2019 17:00;3;2;1.82;4.40;3.70;1.82;4.40;3.70;AkhDdEqp;-2.5;+1.5;4.10;1.24;4.10;1.24;3.45;1.30;3.45;1.31;2.43;1.56;2.43;1.56;2.08;1.75;2.08;1.75;1.13;6.03;1.13;6.03;
vNk5HFL9;Pardubice;Mountfield HK;22.09.2019 17:00;1;2;2.82;4.20;2.20;2.88;4.25;2.15;vNk5HFL9;
reddJyic;Plzeň;Zlín;22.09.2019 16:30;5;4;1.50;5.00;5.54;1.50;5.00;5.50;reddJyic;-3.5;-1;5.55;1.15;5.55;1.15;4.58;1.20;4.58;1.20;2.70;1.47;2.70;1.47;2.24;1.65;2.24;1.65;1.81;2.00;1.81;2.00;1.58;2.38;1.58;2.38;
IDl9GZzG;Kladno;Vítkovice;22.09.2019 16:00;2;3;3.78;4.40;1.80;3.75;4.40;1.81;IDl9GZzG;-1.5;-1;+1;+3.5;8.22;1.08;8.22;1.08;5.76;1.14;5.76;1.14;4.34;1.22;4.34;1.22;1.82;1.99;1.82;1.99;1.64;2.27;1.64;2.27;1.39;3.00;1.39;3.00;1.30;3.52;1.30;3.52;1.10;7.34;1.10;7.34;
Ui8EfhEd;Liberec;Mladá Boleslav;22.09.2019 16:00;4;3;1.65;4.70;4.38;1.60;4.60;4.90;Ui8EfhEd;-3.5;+1.5;6.38;1.12;6.70;1.11;3.04;1.38;3.17;1.36;2.54;1.52;2.65;1.48;2.04;1.83;2.04;1.78;1.73;2.11;1.77;2.05;1.10;7.16;1.10;7.16;
db00Ie63;Třinec;Litvínov;22.09.2019 15:00;3;2;1.42;5.50;6.20;1.43;5.50;6.00;db00Ie63;-3.5;-1;5.07;1.17;5.07;1.17;4.12;1.24;4.12;1.24;2.50;1.53;2.50;1.53;2.05;1.77;2.05;1.77;1.69;2.17;1.69;2.17;1.45;2.66;1.48;2.66;
WzBM6b7i;Mountfield HK;Plzeň;20.09.2019 18:00;6;5;2.35;4.20;2.61;2.37;4.20;2.58;WzBM6b7i;-2.5;+2.5;5.81;1.14;5.81;1.14;3.30;1.34;3.30;1.34;2.90;1.41;2.90;1.41;1.33;3.34;1.33;3.34;1.27;3.77;1.27;3.77;1.11;6.72;1.11;6.72;
v1EU4xx4;Karlovy Vary;Kladno;20.09.2019 17:30;7;4;1.55;5.20;4.77;1.48;5.30;5.30;v1EU4xx4;-3.5;-3;-2.5;+1.5;5.63;1.15;5.63;1.15;4.03;1.25;4.03;1.25;2.77;1.45;2.77;1.45;2.32;1.61;2.32;1.61;1.87;1.93;1.87;1.93;1.64;2.26;1.64;2.26;1.09;7.43;1.09;7.43;
IiDY3diA;Litvínov;Pardubice;20.09.2019 17:30;1;2;1.90;4.30;3.47;1.92;4.25;3.45;IiDY3diA;-2.5;+1.5;4.27;1.22;4.27;1.22;3.63;1.29;3.63;1.29;2.54;1.52;2.54;1.52;2.19;1.68;2.19;1.68;1.15;5.52;1.15;5.52;
0G2w3G6G;Mladá Boleslav;Kometa Brno;20.09.2019 17:30;3;2;2.40;4.20;2.55;2.40;4.10;2.60;0G2w3G6G;-2.5;+2.5;6.58;1.11;6.58;1.11;3.55;1.30;3.55;1.30;3.08;1.38;3.08;1.38;1.33;3.35;1.33;3.35;1.27;3.84;1.27;3.84;1.10;7.16;1.10;7.16;
8t6o1fyT;Vítkovice;Liberec;20.09.2019 17:30;4;5;2.90;4.30;2.13;2.86;4.30;2.15;8t6o1fyT;-2.5;+2.5;7.54;1.09;7.54;1.09;4.27;1.23;4.27;1.23;3.81;1.27;3.81;1.27;1.52;2.53;1.52;2.53;1.42;2.88;1.42;2.88;1.23;4.23;1.23;4.23;1.18;4.87;1.18;4.87;
EJ6s2zMM;Zlín;Olomouc;20.09.2019 17:30;1;4;2.40;3.90;2.67;2.37;4.10;2.62;EJ6s2zMM;-2.5;+2.5;6.31;1.12;6.31;1.12;3.48;1.31;3.48;1.31;3.04;1.38;3.04;1.38;1.30;3.51;1.30;3.51;1.25;3.99;1.25;3.99;1.10;7.32;1.10;7.32;
AR9Q5IMc;Sparta Praha;Třinec;19.09.2019 18:30;4;2;2.15;4.20;2.91;2.15;4.20;2.91;AR9Q5IMc;-2.5;+2.5;4.77;1.19;4.77;1.19;4.15;1.23;4.15;1.23;2.87;1.42;2.87;1.42;2.53;1.52;2.53;1.52;1.27;3.78;1.27;3.78;1.23;4.21;1.23;4.21;1.10;7.32;1.10;7.32;
WjgQPRrl;Vítkovice;Třinec;17.09.2019 17:30;4;3;3.50;4.30;1.90;3.30;4.30;1.96;WjgQPRrl;-1.5;-1;+1;+2.5;5.56;1.15;5.56;1.15;4.46;1.21;4.46;1.21;1.68;2.19;1.68;2.19;1.52;2.53;1.52;2.53;1.29;3.62;1.29;3.62;1.23;4.26;1.23;4.26;
4lmakcxH;Zlín;Vítkovice;15.09.2019 17:30;2;3;2.20;4.20;2.82;2.17;4.25;2.85;4lmakcxH;-2.5;+2.5;5.71;1.14;5.71;1.14;3.14;1.36;3.14;1.36;2.72;1.46;2.72;1.46;1.27;3.83;1.27;3.83;1.22;4.34;1.22;4.34;1.08;8.05;1.08;8.05;
QclejwNA;Olomouc;Mladá Boleslav;15.09.2019 17:00;1;2;2.35;4.10;2.65;2.35;4.10;2.65;QclejwNA;-2.5;+2.5;6.29;1.12;6.29;1.12;3.43;1.32;3.43;1.32;2.98;1.40;2.98;1.40;1.30;3.51;1.30;3.51;1.25;4.01;1.25;4.01;1.09;7.44;1.09;7.44;
UVWwrFUj;Pardubice;Karlovy Vary;15.09.2019 17:00;2;5;1.85;4.40;3.58;1.87;4.45;3.50;UVWwrFUj;-2.5;+1.5;4.03;1.25;4.03;1.25;3.42;1.32;3.42;1.32;2.44;1.56;2.44;1.56;2.11;1.73;2.11;1.73;1.14;5.68;1.14;5.68;
0Gt8my7T;Plzeň;Litvínov;15.09.2019 16:30;2;0;1.50;5.30;5.21;1.51;5.30;5.10;0Gt8my7T;-3.5;-1;5.78;1.14;5.78;1.14;2.77;1.45;2.77;1.45;2.28;1.63;2.28;1.63;1.83;1.98;1.83;1.98;1.59;2.37;1.59;2.37;
IeTZreFp;Kladno;Mountfield HK;15.09.2019 16:00;2;5;3.86;5.00;1.70;3.80;5.00;1.71;IeTZreFp;-1.5;+3.5;6.00;1.13;6.00;1.13;1.94;1.86;1.94;1.86;1.71;2.13;1.71;2.13;1.44;2.80;1.44;2.80;1.33;3.32;1.33;3.32;1.10;6.99;1.10;6.99;
WzkiiJ74;Kometa Brno;Třinec;15.09.2019 16:00;2;1;2.25;4.25;2.72;2.25;4.25;2.72;WzkiiJ74;
MPs4lHiN;Liberec;Sparta Praha;15.09.2019 16:00;8;7;2.15;4.25;2.88;2.15;4.25;2.88;MPs4lHiN;-2.5;+2.5;4.93;1.18;4.93;1.18;4.29;1.22;4.29;1.22;2.91;1.41;2.91;1.41;2.56;1.51;2.56;1.51;1.27;3.78;1.27;3.78;1.23;4.22;1.23;4.22;1.09;7.45;1.09;7.45;
r1gcVyoo;Mountfield HK;Liberec;14.09.2019 15:00;3;6;2.35;4.25;2.60;2.35;4.25;2.59;r1gcVyoo;-2.5;+2.5;6.19;1.13;6.19;1.13;3.40;1.32;3.40;1.32;2.96;1.40;2.96;1.40;1.32;3.40;1.32;3.40;1.26;3.87;1.26;3.87;1.10;7.13;1.10;7.13;
IXpmhahb;Karlovy Vary;Zlín;13.09.2019 17:30;2;1;2.25;4.30;2.70;2.26;4.30;2.69;IXpmhahb;-2.5;+2.5;5.53;1.15;5.53;1.15;3.14;1.36;3.14;1.36;2.75;1.45;2.75;1.45;1.30;3.52;1.30;3.52;1.25;3.97;1.25;3.97;1.10;7.13;1.10;7.13;
bTHQzbNN;Litvínov;Kometa Brno;13.09.2019 17:30;2;1;2.70;4.30;2.25;2.69;4.30;2.26;bTHQzbNN;-2.5;+2.5;7.23;1.10;7.23;1.10;4.00;1.25;4.00;1.25;3.53;1.30;3.53;1.30;1.45;2.76;1.45;2.76;1.36;3.16;1.36;3.16;1.15;5.61;1.15;5.61;
th7VZHxU;Mladá Boleslav;Pardubice;13.09.2019 17:30;4;1;1.65;4.60;4.47;1.65;4.55;4.50;th7VZHxU;-3.5;+1.5;7.09;1.10;7.09;1.10;3.31;1.34;3.31;1.34;2.76;1.45;2.76;1.45;2.09;1.74;2.09;1.74;1.80;2.01;1.80;2.01;1.10;7.25;1.10;7.25;
dIdvfLNo;Vítkovice;Olomouc;13.09.2019 17:30;1;2;2.30;4.25;2.65;2.30;4.20;2.67;dIdvfLNo;-2.5;+2.5;5.99;1.13;5.99;1.13;3.30;1.34;3.30;1.34;2.87;1.42;2.87;1.42;1.31;3.49;1.31;3.49;1.25;3.97;1.25;3.97;1.10;7.30;1.10;7.30;
z9erguwh;Třinec;Kladno;13.09.2019 17:00;6;2;1.30;6.70;7.77;1.31;6.50;7.70;z9erguwh;-4.5;-1;6.17;1.13;5.67;1.14;3.59;1.29;3.33;1.33;2.83;1.43;2.61;1.50;1.90;1.92;1.88;1.92;1.64;2.25;1.57;2.42;1.47;2.71;1.42;2.89;1.32;3.44;1.28;3.73;
pQDMyv8H;Sparta Praha;Plzeň;12.09.2019 18:30;7;6;2.00;4.35;3.20;2.00;4.30;3.20;pQDMyv8H;-2.5;+1.5;4.46;1.21;4.46;1.21;3.83;1.27;3.83;1.27;2.66;1.48;2.66;1.48;2.32;1.61;2.32;1.61;1.22;4.35;1.22;4.35;1.18;4.85;1.18;4.85;
